#t #potentio #lightsensor
1 493 666
2 493 666
3 493 666
4 493 666
5 493 666
6 493 666
7 493 666
8 493 666
9 493 666
10 493 582
11 493 582
12 493 582
13 493 582
14 493 582
15 493 582
16 493 582
17 493 582
18 493 582
19 493 582
20 492 187
21 492 187
22 492 187
23 492 187
24 492 187
25 492 187
26 492 187
27 492 187
28 492 187
29 492 187
30 492 564
31 492 564
32 492 564
33 492 564
34 492 564
35 492 564
36 492 564
37 492 564
38 492 564
39 492 564
40 493 187
41 493 187
42 493 187
43 493 187
44 493 187
45 493 187
46 493 187
47 493 187
48 493 187
49 493 187
50 492 565
51 492 565
52 492 565
53 492 565
54 492 565
55 492 565
56 492 565
57 492 565
58 492 565
59 492 565
60 493 187
61 493 187
62 493 187
63 493 187
64 493 187
65 493 187
66 493 187
67 493 187
68 493 187
69 493 187
70 492 565
71 492 565
72 492 565
73 492 565
74 492 565
75 492 565
76 492 565
77 492 565
78 492 565
79 492 565
80 493 188
81 493 188
82 493 188
83 493 188
84 493 188
85 493 188
86 493 188
87 493 188
88 493 188
89 493 188
90 492 565
91 492 565
92 492 565
93 492 565
94 492 565
95 492 565
96 492 565
97 492 565
98 492 565
99 492 565
100 492 188
101 492 188
102 492 188
103 492 188
104 492 188
105 492 188
106 492 188
107 492 188
108 492 188
109 492 188
110 492 567
111 492 567
112 492 567
113 492 567
114 492 567
115 492 567
116 492 567
117 492 567
118 492 567
119 492 567
120 492 189
121 492 189
122 492 189
123 492 189
124 492 189
125 492 189
126 492 189
127 492 189
128 492 189
129 492 189
130 493 568
131 493 568
132 493 568
133 493 568
134 493 568
135 493 568
136 493 568
137 493 568
138 493 568
139 493 568
140 492 189
141 492 189
142 492 189
143 492 189
144 492 189
145 492 189
146 492 189
147 492 189
148 492 189
149 492 189
150 492 567
151 492 567
152 492 567
153 492 567
154 492 567
155 492 567
156 492 567
157 492 567
158 492 567
159 492 567
160 493 189
161 493 189
162 493 189
163 493 189
164 493 189
165 493 189
166 493 189
167 493 189
168 493 189
169 493 189
170 493 560
171 493 560
172 493 560
173 493 560
174 493 560
175 493 560
176 493 560
177 493 560
178 493 560
179 493 560
180 492 189
181 492 189
182 492 189
183 492 189
184 492 189
185 492 189
186 492 189
187 492 189
188 492 189
189 492 189
190 493 566
191 493 566
192 493 566
193 493 566
194 493 566
195 493 566
196 493 566
197 493 566
198 493 566
199 493 566
200 492 189
201 492 189
202 492 189
203 492 189
204 492 189
205 492 189
206 492 189
207 492 189
208 492 189
209 492 189
210 493 549
211 493 549
212 493 549
213 493 549
214 493 549
215 493 549
216 493 549
217 493 549
218 493 549
219 493 549
220 493 189
221 493 189
222 493 189
223 493 189
224 493 189
225 493 189
226 493 189
227 493 189
228 493 189
229 493 189
230 492 559
231 492 559
232 492 559
233 492 559
234 492 559
235 492 559
236 492 559
237 492 559
238 492 559
239 492 559
240 492 191
241 492 191
242 492 191
243 492 191
244 492 191
245 492 191
246 492 191
247 492 191
248 492 191
249 492 191
250 492 578
251 492 578
252 492 578
253 492 578
254 492 578
255 492 578
256 492 578
257 492 578
258 492 578
259 492 578
260 492 191
261 492 191
262 492 191
263 492 191
264 492 191
265 492 191
266 492 191
267 492 191
268 492 191
269 492 191
270 492 592
271 492 592
272 492 592
273 492 592
274 492 592
275 492 592
276 492 592
277 492 592
278 492 592
279 492 592
280 492 191
281 492 191
282 492 191
283 492 191
284 492 191
285 492 191
286 492 191
287 492 191
288 492 191
289 492 191
290 492 600
291 492 600
292 492 600
293 492 600
294 492 600
295 492 600
296 492 600
297 492 600
298 492 600
299 492 600
300 491 191
301 491 191
302 491 191
303 491 191
304 491 191
305 491 191
306 491 191
307 491 191
308 491 191
309 491 191
310 493 607
311 493 607
312 493 607
313 493 607
314 493 607
315 493 607
316 493 607
317 493 607
318 493 607
319 493 607
320 493 191
321 493 191
322 493 191
323 493 191
324 493 191
325 493 191
326 493 191
327 493 191
328 493 191
329 493 191
330 492 613
331 492 613
332 492 613
333 492 613
334 492 613
335 492 613
336 492 613
337 492 613
338 492 613
339 492 613
340 492 191
341 492 191
342 492 191
343 492 191
344 492 191
345 492 191
346 492 191
347 492 191
348 492 191
349 492 191
350 493 615
351 493 615
352 493 615
353 493 615
354 493 615
355 493 615
356 493 615
357 493 615
358 493 615
359 493 615
360 492 191
361 492 191
362 492 191
363 492 191
364 492 191
365 492 191
366 492 191
367 492 191
368 492 191
369 492 191
370 492 616
371 492 616
372 492 616
373 492 616
374 492 616
375 492 616
376 492 616
377 492 616
378 492 616
379 492 616
380 492 192
381 492 192
382 492 192
383 492 192
384 492 192
385 492 192
386 492 192
387 492 192
388 492 192
389 492 192
390 490 613
391 490 613
392 490 613
393 490 613
394 490 613
395 490 613
396 490 613
397 490 613
398 490 613
399 490 613
400 487 193
401 487 193
402 487 193
403 487 193
404 487 193
405 487 193
406 487 193
407 487 193
408 487 193
409 487 193
410 477 618
411 477 618
412 477 618
413 477 618
414 477 618
415 477 618
416 477 618
417 477 618
418 477 618
419 477 618
420 474 193
421 474 193
422 474 193
423 474 193
424 474 193
425 474 193
426 474 193
427 474 193
428 474 193
429 474 193
430 474 619
431 474 619
432 474 619
433 474 619
434 474 619
435 474 619
436 474 619
437 474 619
438 474 619
439 474 619
440 474 193
441 474 193
442 474 193
443 474 193
444 474 193
445 474 193
446 474 193
447 474 193
448 474 193
449 474 193
450 474 611
451 474 611
452 474 611
453 474 611
454 474 611
455 474 611
456 474 611
457 474 611
458 474 611
459 474 611
460 474 193
461 474 193
462 474 193
463 474 193
464 474 193
465 474 193
466 474 193
467 474 193
468 474 193
469 474 193
470 474 613
471 474 613
472 474 613
473 474 613
474 474 613
475 474 613
476 474 613
477 474 613
478 474 613
479 474 613
480 473 194
481 473 194
482 473 194
483 473 194
484 473 194
485 473 194
486 473 194
487 473 194
488 473 194
489 473 194
490 462 614
491 462 614
492 462 614
493 462 614
494 462 614
495 462 614
496 462 614
497 462 614
498 462 614
499 462 614
500 435 194
501 435 194
502 435 194
503 435 194
504 435 194
505 435 194
506 435 194
507 435 194
508 435 194
509 435 194
510 429 186
511 429 186
512 429 186
513 429 186
514 429 186
515 429 186
516 429 186
517 429 186
518 429 186
519 429 186
520 426 690
521 426 690
522 426 690
523 426 690
524 426 690
525 426 690
526 426 690
527 426 690
528 426 690
529 426 690
530 425 186
531 425 186
532 425 186
533 425 186
534 425 186
535 425 186
536 425 186
537 425 186
538 425 186
539 425 186
540 423 613
541 423 613
542 423 613
543 423 613
544 423 613
545 423 613
546 423 613
547 423 613
548 423 613
549 423 613
550 416 474
551 416 474
552 416 474
553 416 474
554 416 474
555 416 474
556 416 474
557 416 474
558 416 474
559 416 474
560 415 189
561 415 189
562 415 189
563 415 189
564 415 189
565 415 189
566 415 189
567 415 189
568 415 189
569 415 189
570 410 635
571 410 635
572 410 635
573 410 635
574 410 635
575 410 635
576 410 635
577 410 635
578 410 635
579 410 635
580 407 187
581 407 187
582 407 187
583 407 187
584 407 187
585 407 187
586 407 187
587 407 187
588 407 187
589 407 187
590 406 676
591 406 676
592 406 676
593 406 676
594 406 676
595 406 676
596 406 676
597 406 676
598 406 676
599 406 676
600 402 186
601 402 186
602 402 186
603 402 186
604 402 186
605 402 186
606 402 186
607 402 186
608 402 186
609 402 186
610 402 691
611 402 691
612 402 691
613 402 691
614 402 691
615 402 691
616 402 691
617 402 691
618 402 691
619 402 691
620 402 187
621 402 187
622 402 187
623 402 187
624 402 187
625 402 187
626 402 187
627 402 187
628 402 187
629 402 187
630 401 609
631 401 609
632 401 609
633 401 609
634 401 609
635 401 609
636 401 609
637 401 609
638 401 609
639 401 609
640 401 474
641 401 474
642 401 474
643 401 474
644 401 474
645 401 474
646 401 474
647 401 474
648 401 474
649 401 474
650 401 189
651 401 189
652 401 189
653 401 189
654 401 189
655 401 189
656 401 189
657 401 189
658 401 189
659 401 189
660 401 634
661 401 634
662 401 634
663 401 634
664 401 634
665 401 634
666 401 634
667 401 634
668 401 634
669 401 634
670 386 186
671 386 186
672 386 186
673 386 186
674 386 186
675 386 186
676 386 186
677 386 186
678 386 186
679 386 186
680 381 611
681 381 611
682 381 611
683 381 611
684 381 611
685 381 611
686 381 611
687 381 611
688 381 611
689 381 611
690 383 585
691 383 585
692 383 585
693 383 585
694 383 585
695 383 585
696 383 585
697 383 585
698 383 585
699 383 585
700 380 187
701 380 187
702 380 187
703 380 187
704 380 187
705 380 187
706 380 187
707 380 187
708 380 187
709 380 187
710 378 687
711 378 687
712 378 687
713 378 687
714 378 687
715 378 687
716 378 687
717 378 687
718 378 687
719 378 687
720 379 193
721 379 193
722 379 193
723 379 193
724 379 193
725 379 193
726 379 193
727 379 193
728 379 193
729 379 193
730 378 189
731 378 189
732 378 189
733 378 189
734 378 189
735 378 189
736 378 189
737 378 189
738 378 189
739 378 189
740 378 661
741 378 661
742 378 661
743 378 661
744 378 661
745 378 661
746 378 661
747 378 661
748 378 661
749 378 661
750 376 186
751 376 186
752 376 186
753 376 186
754 376 186
755 376 186
756 376 186
757 376 186
758 376 186
759 376 186
760 373 613
761 373 613
762 373 613
763 373 613
764 373 613
765 373 613
766 373 613
767 373 613
768 373 613
769 373 613
770 372 585
771 372 585
772 372 585
773 372 585
774 372 585
775 372 585
776 372 585
777 372 585
778 372 585
779 372 585
780 371 187
781 371 187
782 371 187
783 371 187
784 371 187
785 371 187
786 371 187
787 371 187
788 371 187
789 371 187
790 371 687
791 371 687
792 371 687
793 371 687
794 371 687
795 371 687
796 371 687
797 371 687
798 371 687
799 371 687
800 371 193
801 371 193
802 371 193
803 371 193
804 371 193
805 371 193
806 371 193
807 371 193
808 371 193
809 371 193
810 369 189
811 369 189
812 369 189
813 369 189
814 369 189
815 369 189
816 369 189
817 369 189
818 369 189
819 369 189
820 368 662
821 368 662
822 368 662
823 368 662
824 368 662
825 368 662
826 368 662
827 368 662
828 368 662
829 368 662
830 368 187
831 368 187
832 368 187
833 368 187
834 368 187
835 368 187
836 368 187
837 368 187
838 368 187
839 368 187
840 368 613
841 368 613
842 368 613
843 368 613
844 368 613
845 368 613
846 368 613
847 368 613
848 368 613
849 368 613
850 368 585
851 368 585
852 368 585
853 368 585
854 368 585
855 368 585
856 368 585
857 368 585
858 368 585
859 368 585
860 367 187
861 367 187
862 367 187
863 367 187
864 367 187
865 367 187
866 367 187
867 367 187
868 367 187
869 367 187
870 365 689
871 365 689
872 365 689
873 365 689
874 365 689
875 365 689
876 365 689
877 365 689
878 365 689
879 365 689
880 365 193
881 365 193
882 365 193
883 365 193
884 365 193
885 365 193
886 365 193
887 365 193
888 365 193
889 365 193
890 362 189
891 362 189
892 362 189
893 362 189
894 362 189
895 362 189
896 362 189
897 362 189
898 362 189
899 362 189
900 359 664
901 359 664
902 359 664
903 359 664
904 359 664
905 359 664
906 359 664
907 359 664
908 359 664
909 359 664
910 358 187
911 358 187
912 358 187
913 358 187
914 358 187
915 358 187
916 358 187
917 358 187
918 358 187
919 358 187
920 356 615
921 356 615
922 356 615
923 356 615
924 356 615
925 356 615
926 356 615
927 356 615
928 356 615
929 356 615
930 356 587
931 356 587
932 356 587
933 356 587
934 356 587
935 356 587
936 356 587
937 356 587
938 356 587
939 356 587
940 356 187
941 356 187
942 356 187
943 356 187
944 356 187
945 356 187
946 356 187
947 356 187
948 356 187
949 356 187
950 355 690
951 355 690
952 355 690
953 355 690
954 355 690
955 355 690
956 355 690
957 355 690
958 355 690
959 355 690
960 355 194
961 355 194
962 355 194
963 355 194
964 355 194
965 355 194
966 355 194
967 355 194
968 355 194
969 355 194
970 353 189
971 353 189
972 353 189
973 353 189
974 353 189
975 353 189
976 353 189
977 353 189
978 353 189
979 353 189
980 352 665
981 352 665
982 352 665
983 352 665
984 352 665
985 352 665
986 352 665
987 352 665
988 352 665
989 352 665
990 351 187
991 351 187
992 351 187
993 351 187
994 351 187
995 351 187
996 351 187
997 351 187
998 351 187
999 351 187
1000 349 615
1001 349 615
1002 349 615
1003 349 615
1004 349 615
1005 349 615
1006 349 615
1007 349 615
1008 349 615
1009 349 615
1010 349 189
1011 349 189
1012 349 189
1013 349 189
1014 349 189
1015 349 189
1016 349 189
1017 349 189
1018 349 189
1019 349 189
1020 349 685
1021 349 685
1022 349 685
1023 349 685
1024 349 685
1025 349 685
1026 349 685
1027 349 685
1028 349 685
1029 349 685
1030 347 488
1031 347 488
1032 347 488
1033 347 488
1034 347 488
1035 347 488
1036 347 488
1037 347 488
1038 347 488
1039 347 488
1040 346 187
1041 346 187
1042 346 187
1043 346 187
1044 346 187
1045 346 187
1046 346 187
1047 346 187
1048 346 187
1049 346 187
1050 344 613
1051 344 613
1052 344 613
1053 344 613
1054 344 613
1055 344 613
1056 344 613
1057 344 613
1058 344 613
1059 344 613
1060 343 645
1061 343 645
1062 343 645
1063 343 645
1064 343 645
1065 343 645
1066 343 645
1067 343 645
1068 343 645
1069 343 645
1070 343 187
1071 343 187
1072 343 187
1073 343 187
1074 343 187
1075 343 187
1076 343 187
1077 343 187
1078 343 187
1079 343 187
1080 342 189
1081 342 189
1082 342 189
1083 342 189
1084 342 189
1085 342 189
1086 342 189
1087 342 189
1088 342 189
1089 342 189
1090 341 685
1091 341 685
1092 341 685
1093 341 685
1094 341 685
1095 341 685
1096 341 685
1097 341 685
1098 341 685
1099 341 685
1100 341 489
1101 341 489
1102 341 489
1103 341 489
1104 341 489
1105 341 489
1106 341 489
1107 341 489
1108 341 489
1109 341 489
1110 340 187
1111 340 187
1112 340 187
1113 340 187
1114 340 187
1115 340 187
1116 340 187
1117 340 187
1118 340 187
1119 340 187
1120 338 614
1121 338 614
1122 338 614
1123 338 614
1124 338 614
1125 338 614
1126 338 614
1127 338 614
1128 338 614
1129 338 614
1130 339 646
1131 339 646
1132 339 646
1133 339 646
1134 339 646
1135 339 646
1136 339 646
1137 339 646
1138 339 646
1139 339 646
1140 338 188
1141 338 188
1142 338 188
1143 338 188
1144 338 188
1145 338 188
1146 338 188
1147 338 188
1148 338 188
1149 338 188
1150 338 189
1151 338 189
1152 338 189
1153 338 189
1154 338 189
1155 338 189
1156 338 189
1157 338 189
1158 338 189
1159 338 189
1160 337 686
1161 337 686
1162 337 686
1163 337 686
1164 337 686
1165 337 686
1166 337 686
1167 337 686
1168 337 686
1169 337 686
1170 337 490
1171 337 490
1172 337 490
1173 337 490
1174 337 490
1175 337 490
1176 337 490
1177 337 490
1178 337 490
1179 337 490
1180 337 188
1181 337 188
1182 337 188
1183 337 188
1184 337 188
1185 337 188
1186 337 188
1187 337 188
1188 337 188
1189 337 188
1190 335 615
1191 335 615
1192 335 615
1193 335 615
1194 335 615
1195 335 615
1196 335 615
1197 335 615
1198 335 615
1199 335 615
1200 334 647
1201 334 647
1202 334 647
1203 334 647
1204 334 647
1205 334 647
1206 334 647
1207 334 647
1208 334 647
1209 334 647
1210 334 187
1211 334 187
1212 334 187
1213 334 187
1214 334 187
1215 334 187
1216 334 187
1217 334 187
1218 334 187
1219 334 187
1220 332 190
1221 332 190
1222 332 190
1223 332 190
1224 332 190
1225 332 190
1226 332 190
1227 332 190
1228 332 190
1229 332 190
1230 331 686
1231 331 686
1232 331 686
1233 331 686
1234 331 686
1235 331 686
1236 331 686
1237 331 686
1238 331 686
1239 331 686
1240 331 490
1241 331 490
1242 331 490
1243 331 490
1244 331 490
1245 331 490
1246 331 490
1247 331 490
1248 331 490
1249 331 490
1250 331 188
1251 331 188
1252 331 188
1253 331 188
1254 331 188
1255 331 188
1256 331 188
1257 331 188
1258 331 188
1259 331 188
1260 326 615
1261 326 615
1262 326 615
1263 326 615
1264 326 615
1265 326 615
1266 326 615
1267 326 615
1268 326 615
1269 326 615
1270 328 648
1271 328 648
1272 328 648
1273 328 648
1274 328 648
1275 328 648
1276 328 648
1277 328 648
1278 328 648
1279 328 648
1280 329 188
1281 329 188
1282 329 188
1283 329 188
1284 329 188
1285 329 188
1286 329 188
1287 329 188
1288 329 188
1289 329 188
1290 329 190
1291 329 190
1292 329 190
1293 329 190
1294 329 190
1295 329 190
1296 329 190
1297 329 190
1298 329 190
1299 329 190
1300 328 683
1301 328 683
1302 328 683
1303 328 683
1304 328 683
1305 328 683
1306 328 683
1307 328 683
1308 328 683
1309 328 683
1310 329 489
1311 329 489
1312 329 489
1313 329 489
1314 329 489
1315 329 489
1316 329 489
1317 329 489
1318 329 489
1319 329 489
1320 329 187
1321 329 187
1322 329 187
1323 329 187
1324 329 187
1325 329 187
1326 329 187
1327 329 187
1328 329 187
1329 329 187
1330 328 614
1331 328 614
1332 328 614
1333 328 614
1334 328 614
1335 328 614
1336 328 614
1337 328 614
1338 328 614
1339 328 614
1340 314 646
1341 314 646
1342 314 646
1343 314 646
1344 314 646
1345 314 646
1346 314 646
1347 314 646
1348 314 646
1349 314 646
1350 310 188
1351 310 188
1352 310 188
1353 310 188
1354 310 188
1355 310 188
1356 310 188
1357 310 188
1358 310 188
1359 310 188
1360 309 189
1361 309 189
1362 309 189
1363 309 189
1364 309 189
1365 309 189
1366 309 189
1367 309 189
1368 309 189
1369 309 189
1370 301 685
1371 301 685
1372 301 685
1373 301 685
1374 301 685
1375 301 685
1376 301 685
1377 301 685
1378 301 685
1379 301 685
1380 299 489
1381 299 489
1382 299 489
1383 299 489
1384 299 489
1385 299 489
1386 299 489
1387 299 489
1388 299 489
1389 299 489
1390 296 188
1391 296 188
1392 296 188
1393 296 188
1394 296 188
1395 296 188
1396 296 188
1397 296 188
1398 296 188
1399 296 188
1400 290 190
1401 290 190
1402 290 190
1403 290 190
1404 290 190
1405 290 190
1406 290 190
1407 290 190
1408 290 190
1409 290 190
1410 286 609
1411 286 609
1412 286 609
1413 286 609
1414 286 609
1415 286 609
1416 286 609
1417 286 609
1418 286 609
1419 286 609
1420 285 672
1421 285 672
1422 285 672
1423 285 672
1424 285 672
1425 285 672
1426 285 672
1427 285 672
1428 285 672
1429 285 672
1430 282 599
1431 282 599
1432 282 599
1433 282 599
1434 282 599
1435 282 599
1436 282 599
1437 282 599
1438 282 599
1439 282 599
1440 281 195
1441 281 195
1442 281 195
1443 281 195
1444 281 195
1445 281 195
1446 281 195
1447 281 195
1448 281 195
1449 281 195
1450 277 188
1451 277 188
1452 277 188
1453 277 188
1454 277 188
1455 277 188
1456 277 188
1457 277 188
1458 277 188
1459 277 188
1460 275 189
1461 275 189
1462 275 189
1463 275 189
1464 275 189
1465 275 189
1466 275 189
1467 275 189
1468 275 189
1469 275 189
1470 272 610
1471 272 610
1472 272 610
1473 272 610
1474 272 610
1475 272 610
1476 272 610
1477 272 610
1478 272 610
1479 272 610
1480 272 674
1481 272 674
1482 272 674
1483 272 674
1484 272 674
1485 272 674
1486 272 674
1487 272 674
1488 272 674
1489 272 674
1490 268 600
1491 268 600
1492 268 600
1493 268 600
1494 268 600
1495 268 600
1496 268 600
1497 268 600
1498 268 600
1499 268 600
1500 266 195
1501 266 195
1502 266 195
1503 266 195
1504 266 195
1505 266 195
1506 266 195
1507 266 195
1508 266 195
1509 266 195
1510 264 188
1511 264 188
1512 264 188
1513 264 188
1514 264 188
1515 264 188
1516 264 188
1517 264 188
1518 264 188
1519 264 188
1520 263 190
1521 263 190
1522 263 190
1523 263 190
1524 263 190
1525 263 190
1526 263 190
1527 263 190
1528 263 190
1529 263 190
1530 259 612
1531 259 612
1532 259 612
1533 259 612
1534 259 612
1535 259 612
1536 259 612
1537 259 612
1538 259 612
1539 259 612
1540 258 674
1541 258 674
1542 258 674
1543 258 674
1544 258 674
1545 258 674
1546 258 674
1547 258 674
1548 258 674
1549 258 674
1550 252 601
1551 252 601
1552 252 601
1553 252 601
1554 252 601
1555 252 601
1556 252 601
1557 252 601
1558 252 601
1559 252 601
1560 251 195
1561 251 195
1562 251 195
1563 251 195
1564 251 195
1565 251 195
1566 251 195
1567 251 195
1568 251 195
1569 251 195
1570 247 188
1571 247 188
1572 247 188
1573 247 188
1574 247 188
1575 247 188
1576 247 188
1577 247 188
1578 247 188
1579 247 188
1580 244 602
1581 244 602
1582 244 602
1583 244 602
1584 244 602
1585 244 602
1586 244 602
1587 244 602
1588 244 602
1589 244 602
1590 241 602
1591 241 602
1592 241 602
1593 241 602
1594 241 602
1595 241 602
1596 241 602
1597 241 602
1598 241 602
1599 241 602
1600 240 601
1601 240 601
1602 240 601
1603 240 601
1604 240 601
1605 240 601
1606 240 601
1607 240 601
1608 240 601
1609 240 601
1610 237 600
1611 237 600
1612 237 600
1613 237 600
1614 237 600
1615 237 600
1616 237 600
1617 237 600
1618 237 600
1619 237 600
1620 236 600
1621 236 600
1622 236 600
1623 236 600
1624 236 600
1625 236 600
1626 236 600
1627 236 600
1628 236 600
1629 236 600
1630 233 601
1631 233 601
1632 233 601
1633 233 601
1634 233 601
1635 233 601
1636 233 601
1637 233 601
1638 233 601
1639 233 601
1640 230 601
1641 230 601
1642 230 601
1643 230 601
1644 230 601
1645 230 601
1646 230 601
1647 230 601
1648 230 601
1649 230 601
1650 228 601
1651 228 601
1652 228 601
1653 228 601
1654 228 601
1655 228 601
1656 228 601
1657 228 601
1658 228 601
1659 228 601
1660 226 602
1661 226 602
1662 226 602
1663 226 602
1664 226 602
1665 226 602
1666 226 602
1667 226 602
1668 226 602
1669 226 602
1670 224 601
1671 224 601
1672 224 601
1673 224 601
1674 224 601
1675 224 601
1676 224 601
1677 224 601
1678 224 601
1679 224 601
1680 224 602
1681 224 602
1682 224 602
1683 224 602
1684 224 602
1685 224 602
1686 224 602
1687 224 602
1688 224 602
1689 224 602
1690 224 602
1691 224 602
1692 224 602
1693 224 602
1694 224 602
1695 224 602
1696 224 602
1697 224 602
1698 224 602
1699 224 602
1700 222 601
1701 222 601
1702 222 601
1703 222 601
1704 222 601
1705 222 601
1706 222 601
1707 222 601
1708 222 601
1709 222 601
1710 224 599
1711 224 599
1712 224 599
1713 224 599
1714 224 599
1715 224 599
1716 224 599
1717 224 599
1718 224 599
1719 224 599
1720 224 599
1721 224 599
1722 224 599
1723 224 599
1724 224 599
1725 224 599
1726 224 599
1727 224 599
1728 224 599
1729 224 599
1730 224 599
1731 224 599
1732 224 599
1733 224 599
1734 224 599
1735 224 599
1736 224 599
1737 224 599
1738 224 599
1739 224 599
1740 222 600
1741 222 600
1742 222 600
1743 222 600
1744 222 600
1745 222 600
1746 222 600
1747 222 600
1748 222 600
1749 222 600
1750 222 600
1751 222 600
1752 222 600
1753 222 600
1754 222 600
1755 222 600
1756 222 600
1757 222 600
1758 222 600
1759 222 600
1760 222 600
1761 222 600
1762 222 600
1763 222 600
1764 222 600
1765 222 600
1766 222 600
1767 222 600
1768 222 600
1769 222 600
1770 212 601
1771 212 601
1772 212 601
1773 212 601
1774 212 601
1775 212 601
1776 212 601
1777 212 601
1778 212 601
1779 212 601
1780 207 601
1781 207 601
1782 207 601
1783 207 601
1784 207 601
1785 207 601
1786 207 601
1787 207 601
1788 207 601
1789 207 601
1790 194 602
1791 194 602
1792 194 602
1793 194 602
1794 194 602
1795 194 602
1796 194 602
1797 194 602
1798 194 602
1799 194 602
1800 195 195
1801 195 195
1802 195 195
1803 195 195
1804 195 195
1805 195 195
1806 195 195
1807 195 195
1808 195 195
1809 195 195
1810 186 599
1811 186 599
1812 186 599
1813 186 599
1814 186 599
1815 186 599
1816 186 599
1817 186 599
1818 186 599
1819 186 599
1820 180 589
1821 180 589
1822 180 589
1823 180 589
1824 180 589
1825 180 589
1826 180 589
1827 180 589
1828 180 589
1829 180 589
1830 179 190
1831 179 190
1832 179 190
1833 179 190
1834 179 190
1835 179 190
1836 179 190
1837 179 190
1838 179 190
1839 179 190
1840 175 195
1841 175 195
1842 175 195
1843 175 195
1844 175 195
1845 175 195
1846 175 195
1847 175 195
1848 175 195
1849 175 195
1850 163 599
1851 163 599
1852 163 599
1853 163 599
1854 163 599
1855 163 599
1856 163 599
1857 163 599
1858 163 599
1859 163 599
1860 154 586
1861 154 586
1862 154 586
1863 154 586
1864 154 586
1865 154 586
1866 154 586
1867 154 586
1868 154 586
1869 154 586
1870 153 190
1871 153 190
1872 153 190
1873 153 190
1874 153 190
1875 153 190
1876 153 190
1877 153 190
1878 153 190
1879 153 190
1880 151 196
1881 151 196
1882 151 196
1883 151 196
1884 151 196
1885 151 196
1886 151 196
1887 151 196
1888 151 196
1889 151 196
1890 147 600
1891 147 600
1892 147 600
1893 147 600
1894 147 600
1895 147 600
1896 147 600
1897 147 600
1898 147 600
1899 147 600
1900 146 196
1901 146 196
1902 146 196
1903 146 196
1904 146 196
1905 146 196
1906 146 196
1907 146 196
1908 146 196
1909 146 196
1910 145 600
1911 145 600
1912 145 600
1913 145 600
1914 145 600
1915 145 600
1916 145 600
1917 145 600
1918 145 600
1919 145 600
1920 142 198
1921 142 198
1922 142 198
1923 142 198
1924 142 198
1925 142 198
1926 142 198
1927 142 198
1928 142 198
1929 142 198
1930 135 198
1931 135 198
1932 135 198
1933 135 198
1934 135 198
1935 135 198
1936 135 198
1937 135 198
1938 135 198
1939 135 198
1940 130 601
1941 130 601
1942 130 601
1943 130 601
1944 130 601
1945 130 601
1946 130 601
1947 130 601
1948 130 601
1949 130 601
1950 127 199
1951 127 199
1952 127 199
1953 127 199
1954 127 199
1955 127 199
1956 127 199
1957 127 199
1958 127 199
1959 127 199
1960 122 201
1961 122 201
1962 122 201
1963 122 201
1964 122 201
1965 122 201
1966 122 201
1967 122 201
1968 122 201
1969 122 201
1970 117 602
1971 117 602
1972 117 602
1973 117 602
1974 117 602
1975 117 602
1976 117 602
1977 117 602
1978 117 602
1979 117 602
1980 119 202
1981 119 202
1982 119 202
1983 119 202
1984 119 202
1985 119 202
1986 119 202
1987 119 202
1988 119 202
1989 119 202
1990 114 202
1991 114 202
1992 114 202
1993 114 202
1994 114 202
1995 114 202
1996 114 202
1997 114 202
1998 114 202
1999 114 202
2000 111 602
2001 111 602
2002 111 602
2003 111 602
2004 111 602
2005 111 602
2006 111 602
2007 111 602
2008 111 602
2009 111 602
2010 113 203
2011 113 203
2012 113 203
2013 113 203
2014 113 203
2015 113 203
2016 113 203
2017 113 203
2018 113 203
2019 113 203
2020 109 206
2021 109 206
2022 109 206
2023 109 206
2024 109 206
2025 109 206
2026 109 206
2027 109 206
2028 109 206
2029 109 206
2030 109 606
2031 109 606
2032 109 606
2033 109 606
2034 109 606
2035 109 606
2036 109 606
2037 109 606
2038 109 606
2039 109 606
2040 111 202
2041 111 202
2042 111 202
2043 111 202
2044 111 202
2045 111 202
2046 111 202
2047 111 202
2048 111 202
2049 111 202
2050 109 203
2051 109 203
2052 109 203
2053 109 203
2054 109 203
2055 109 203
2056 109 203
2057 109 203
2058 109 203
2059 109 203
2060 108 601
2061 108 601
2062 108 601
2063 108 601
2064 108 601
2065 108 601
2066 108 601
2067 108 601
2068 108 601
2069 108 601
2070 113 202
2071 113 202
2072 113 202
2073 113 202
2074 113 202
2075 113 202
2076 113 202
2077 113 202
2078 113 202
2079 113 202
2080 110 203
2081 110 203
2082 110 203
2083 110 203
2084 110 203
2085 110 203
2086 110 203
2087 110 203
2088 110 203
2089 110 203
2090 109 599
2091 109 599
2092 109 599
2093 109 599
2094 109 599
2095 109 599
2096 109 599
2097 109 599
2098 109 599
2099 109 599
2100 111 202
2101 111 202
2102 111 202
2103 111 202
2104 111 202
2105 111 202
2106 111 202
2107 111 202
2108 111 202
2109 111 202
2110 109 203
2111 109 203
2112 109 203
2113 109 203
2114 109 203
2115 109 203
2116 109 203
2117 109 203
2118 109 203
2119 109 203
2120 108 599
2121 108 599
2122 108 599
2123 108 599
2124 108 599
2125 108 599
2126 108 599
2127 108 599
2128 108 599
2129 108 599
2130 97 203
2131 97 203
2132 97 203
2133 97 203
2134 97 203
2135 97 203
2136 97 203
2137 97 203
2138 97 203
2139 97 203
2140 70 527
2141 70 527
2142 70 527
2143 70 527
2144 70 527
2145 70 527
2146 70 527
2147 70 527
2148 70 527
2149 70 527
2150 70 205
2151 70 205
2152 70 205
2153 70 205
2154 70 205
2155 70 205
2156 70 205
2157 70 205
2158 70 205
2159 70 205
2160 60 527
2161 60 527
2162 60 527
2163 60 527
2164 60 527
2165 60 527
2166 60 527
2167 60 527
2168 60 527
2169 60 527
2170 65 204
2171 65 204
2172 65 204
2173 65 204
2174 65 204
2175 65 204
2176 65 204
2177 65 204
2178 65 204
2179 65 204
2180 54 528
2181 54 528
2182 54 528
2183 54 528
2184 54 528
2185 54 528
2186 54 528
2187 54 528
2188 54 528
2189 54 528
2190 49 204
2191 49 204
2192 49 204
2193 49 204
2194 49 204
2195 49 204
2196 49 204
2197 49 204
2198 49 204
2199 49 204
2200 42 209
2201 42 209
2202 42 209
2203 42 209
2204 42 209
2205 42 209
2206 42 209
2207 42 209
2208 42 209
2209 42 209
2210 36 209
2211 36 209
2212 36 209
2213 36 209
2214 36 209
2215 36 209
2216 36 209
2217 36 209
2218 36 209
2219 36 209
2220 29 209
2221 29 209
2222 29 209
2223 29 209
2224 29 209
2225 29 209
2226 29 209
2227 29 209
2228 29 209
2229 29 209
2230 20 209
2231 20 209
2232 20 209
2233 20 209
2234 20 209
2235 20 209
2236 20 209
2237 20 209
2238 20 209
2239 20 209
2240 18 210
2241 18 210
2242 18 210
2243 18 210
2244 18 210
2245 18 210
2246 18 210
2247 18 210
2248 18 210
2249 18 210
2250 15 210
2251 15 210
2252 15 210
2253 15 210
2254 15 210
2255 15 210
2256 15 210
2257 15 210
2258 15 210
2259 15 210
2260 15 209
2261 15 209
2262 15 209
2263 15 209
2264 15 209
2265 15 209
2266 15 209
2267 15 209
2268 15 209
2269 15 209
2270 11 209
2271 11 209
2272 11 209
2273 11 209
2274 11 209
2275 11 209
2276 11 209
2277 11 209
2278 11 209
2279 11 209
2280 2 210
2281 2 210
2282 2 210
2283 2 210
2284 2 210
2285 2 210
2286 2 210
2287 2 210
2288 2 210
2289 2 210
2290 2 211
2291 2 211
2292 2 211
2293 2 211
2294 2 211
2295 2 211
2296 2 211
2297 2 211
2298 2 211
2299 2 211
2300 2 211
2301 2 211
2302 2 211
2303 2 211
2304 2 211
2305 2 211
2306 2 211
2307 2 211
2308 2 211
2309 2 211
2310 2 211
2311 2 211
2312 2 211
2313 2 211
2314 2 211
2315 2 211
2316 2 211
2317 2 211
2318 2 211
2319 2 211
2320 2 211
2321 2 211
2322 2 211
2323 2 211
2324 2 211
2325 2 211
2326 2 211
2327 2 211
2328 2 211
2329 2 211
2330 2 211
2331 2 211
2332 2 211
2333 2 211
2334 2 211
2335 2 211
2336 2 211
2337 2 211
2338 2 211
2339 2 211
2340 1 211
2341 1 211
2342 1 211
2343 1 211
2344 1 211
2345 1 211
2346 1 211
2347 1 211
2348 1 211
2349 1 211
2350 2 211
2351 2 211
2352 2 211
2353 2 211
2354 2 211
2355 2 211
2356 2 211
2357 2 211
2358 2 211
2359 2 211
2360 1 211
2361 1 211
2362 1 211
2363 1 211
2364 1 211
2365 1 211
2366 1 211
2367 1 211
2368 1 211
2369 1 211
2370 2 211
2371 2 211
2372 2 211
2373 2 211
2374 2 211
2375 2 211
2376 2 211
2377 2 211
2378 2 211
2379 2 211
2380 1 211
2381 1 211
2382 1 211
2383 1 211
2384 1 211
2385 1 211
2386 1 211
2387 1 211
2388 1 211
2389 1 211
2390 3 211
2391 3 211
2392 3 211
2393 3 211
2394 3 211
2395 3 211
2396 3 211
2397 3 211
2398 3 211
2399 3 211
2400 2 211
2401 2 211
2402 2 211
2403 2 211
2404 2 211
2405 2 211
2406 2 211
2407 2 211
2408 2 211
2409 2 211
2410 3 211
2411 3 211
2412 3 211
2413 3 211
2414 3 211
2415 3 211
2416 3 211
2417 3 211
2418 3 211
2419 3 211
2420 2 211
2421 2 211
2422 2 211
2423 2 211
2424 2 211
2425 2 211
2426 2 211
2427 2 211
2428 2 211
2429 2 211
2430 2 211
2431 2 211
2432 2 211
2433 2 211
2434 2 211
2435 2 211
2436 2 211
2437 2 211
2438 2 211
2439 2 211
2440 2 212
2441 2 212
2442 2 212
2443 2 212
2444 2 212
2445 2 212
2446 2 212
2447 2 212
2448 2 212
2449 2 212
2450 2 211
2451 2 211
2452 2 211
2453 2 211
2454 2 211
2455 2 211
2456 2 211
2457 2 211
2458 2 211
2459 2 211
2460 2 211
2461 2 211
2462 2 211
2463 2 211
2464 2 211
2465 2 211
2466 2 211
2467 2 211
2468 2 211
2469 2 211
2470 2 211
2471 2 211
2472 2 211
2473 2 211
2474 2 211
2475 2 211
2476 2 211
2477 2 211
2478 2 211
2479 2 211
2480 2 211
2481 2 211
2482 2 211
2483 2 211
2484 2 211
2485 2 211
2486 2 211
2487 2 211
2488 2 211
2489 2 211
2490 3 211
2491 3 211
2492 3 211
2493 3 211
2494 3 211
2495 3 211
2496 3 211
2497 3 211
2498 3 211
2499 3 211
2500 3 211
2501 3 211
2502 3 211
2503 3 211
2504 3 211
2505 3 211
2506 3 211
2507 3 211
2508 3 211
2509 3 211
2510 2 211
2511 2 211
2512 2 211
2513 2 211
2514 2 211
2515 2 211
2516 2 211
2517 2 211
2518 2 211
2519 2 211
2520 2 211
2521 2 211
2522 2 211
2523 2 211
2524 2 211
2525 2 211
2526 2 211
2527 2 211
2528 2 211
2529 2 211
2530 2 211
2531 2 211
2532 2 211
2533 2 211
2534 2 211
2535 2 211
2536 2 211
2537 2 211
2538 2 211
2539 2 211
2540 2 210
2541 2 210
2542 2 210
2543 2 210
2544 2 210
2545 2 210
2546 2 210
2547 2 210
2548 2 210
2549 2 210
2550 2 210
2551 2 210
2552 2 210
2553 2 210
2554 2 210
2555 2 210
2556 2 210
2557 2 210
2558 2 210
2559 2 210
2560 2 210
2561 2 210
2562 2 210
2563 2 210
2564 2 210
2565 2 210
2566 2 210
2567 2 210
2568 2 210
2569 2 210
2570 3 210
2571 3 210
2572 3 210
2573 3 210
2574 3 210
2575 3 210
2576 3 210
2577 3 210
2578 3 210
2579 3 210
2580 2 210
2581 2 210
2582 2 210
2583 2 210
2584 2 210
2585 2 210
2586 2 210
2587 2 210
2588 2 210
2589 2 210
2590 2 211
2591 2 211
2592 2 211
2593 2 211
2594 2 211
2595 2 211
2596 2 211
2597 2 211
2598 2 211
2599 2 211
2600 2 211
2601 2 211
2602 2 211
2603 2 211
2604 2 211
2605 2 211
2606 2 211
2607 2 211
2608 2 211
2609 2 211
2610 1 211
2611 1 211
2612 1 211
2613 1 211
2614 1 211
2615 1 211
2616 1 211
2617 1 211
2618 1 211
2619 1 211
2620 3 211
2621 3 211
2622 3 211
2623 3 211
2624 3 211
2625 3 211
2626 3 211
2627 3 211
2628 3 211
2629 3 211
2630 2 212
2631 2 212
2632 2 212
2633 2 212
2634 2 212
2635 2 212
2636 2 212
2637 2 212
2638 2 212
2639 2 212
2640 2 212
2641 2 212
2642 2 212
2643 2 212
2644 2 212
2645 2 212
2646 2 212
2647 2 212
2648 2 212
2649 2 212
2650 1 212
2651 1 212
2652 1 212
2653 1 212
2654 1 212
2655 1 212
2656 1 212
2657 1 212
2658 1 212
2659 1 212
2660 3 211
2661 3 211
2662 3 211
2663 3 211
2664 3 211
2665 3 211
2666 3 211
2667 3 211
2668 3 211
2669 3 211
2670 1 212
2671 1 212
2672 1 212
2673 1 212
2674 1 212
2675 1 212
2676 1 212
2677 1 212
2678 1 212
2679 1 212
2680 3 212
2681 3 212
2682 3 212
2683 3 212
2684 3 212
2685 3 212
2686 3 212
2687 3 212
2688 3 212
2689 3 212
2690 1 212
2691 1 212
2692 1 212
2693 1 212
2694 1 212
2695 1 212
2696 1 212
2697 1 212
2698 1 212
2699 1 212
2700 2 211
2701 2 211
2702 2 211
2703 2 211
2704 2 211
2705 2 211
2706 2 211
2707 2 211
2708 2 211
2709 2 211
2710 1 211
2711 1 211
2712 1 211
2713 1 211
2714 1 211
2715 1 211
2716 1 211
2717 1 211
2718 1 211
2719 1 211
2720 2 210
2721 2 210
2722 2 210
2723 2 210
2724 2 210
2725 2 210
2726 2 210
2727 2 210
2728 2 210
2729 2 210
2730 1 210
2731 1 210
2732 1 210
2733 1 210
2734 1 210
2735 1 210
2736 1 210
2737 1 210
2738 1 210
2739 1 210
2740 2 210
2741 2 210
2742 2 210
2743 2 210
2744 2 210
2745 2 210
2746 2 210
2747 2 210
2748 2 210
2749 2 210
2750 2 210
2751 2 210
2752 2 210
2753 2 210
2754 2 210
2755 2 210
2756 2 210
2757 2 210
2758 2 210
2759 2 210
2760 3 210
2761 3 210
2762 3 210
2763 3 210
2764 3 210
2765 3 210
2766 3 210
2767 3 210
2768 3 210
2769 3 210
2770 1 210
2771 1 210
2772 1 210
2773 1 210
2774 1 210
2775 1 210
2776 1 210
2777 1 210
2778 1 210
2779 1 210
2780 2 210
2781 2 210
2782 2 210
2783 2 210
2784 2 210
2785 2 210
2786 2 210
2787 2 210
2788 2 210
2789 2 210
2790 2 210
2791 2 210
2792 2 210
2793 2 210
2794 2 210
2795 2 210
2796 2 210
2797 2 210
2798 2 210
2799 2 210
2800 2 210
2801 2 210
2802 2 210
2803 2 210
2804 2 210
2805 2 210
2806 2 210
2807 2 210
2808 2 210
2809 2 210
2810 2 210
2811 2 210
2812 2 210
2813 2 210
2814 2 210
2815 2 210
2816 2 210
2817 2 210
2818 2 210
2819 2 210
2820 2 210
2821 2 210
2822 2 210
2823 2 210
2824 2 210
2825 2 210
2826 2 210
2827 2 210
2828 2 210
2829 2 210
2830 3 210
2831 3 210
2832 3 210
2833 3 210
2834 3 210
2835 3 210
2836 3 210
2837 3 210
2838 3 210
2839 3 210
2840 2 209
2841 2 209
2842 2 209
2843 2 209
2844 2 209
2845 2 209
2846 2 209
2847 2 209
2848 2 209
2849 2 209
2850 3 209
2851 3 209
2852 3 209
2853 3 209
2854 3 209
2855 3 209
2856 3 209
2857 3 209
2858 3 209
2859 3 209
2860 2 207
2861 2 207
2862 2 207
2863 2 207
2864 2 207
2865 2 207
2866 2 207
2867 2 207
2868 2 207
2869 2 207
2870 2 207
2871 2 207
2872 2 207
2873 2 207
2874 2 207
2875 2 207
2876 2 207
2877 2 207
2878 2 207
2879 2 207
2880 2 207
2881 2 207
2882 2 207
2883 2 207
2884 2 207
2885 2 207
2886 2 207
2887 2 207
2888 2 207
2889 2 207
2890 2 205
2891 2 205
2892 2 205
2893 2 205
2894 2 205
2895 2 205
2896 2 205
2897 2 205
2898 2 205
2899 2 205
2900 2 206
2901 2 206
2902 2 206
2903 2 206
2904 2 206
2905 2 206
2906 2 206
2907 2 206
2908 2 206
2909 2 206
2910 3 205
2911 3 205
2912 3 205
2913 3 205
2914 3 205
2915 3 205
2916 3 205
2917 3 205
2918 3 205
2919 3 205
2920 2 205
2921 2 205
2922 2 205
2923 2 205
2924 2 205
2925 2 205
2926 2 205
2927 2 205
2928 2 205
2929 2 205
2930 3 204
2931 3 204
2932 3 204
2933 3 204
2934 3 204
2935 3 204
2936 3 204
2937 3 204
2938 3 204
2939 3 204
2940 1 205
2941 1 205
2942 1 205
2943 1 205
2944 1 205
2945 1 205
2946 1 205
2947 1 205
2948 1 205
2949 1 205
2950 2 204
2951 2 204
2952 2 204
2953 2 204
2954 2 204
2955 2 204
2956 2 204
2957 2 204
2958 2 204
2959 2 204
2960 2 205
2961 2 205
2962 2 205
2963 2 205
2964 2 205
2965 2 205
2966 2 205
2967 2 205
2968 2 205
2969 2 205
2970 2 204
2971 2 204
2972 2 204
2973 2 204
2974 2 204
2975 2 204
2976 2 204
2977 2 204
2978 2 204
2979 2 204
2980 2 205
2981 2 205
2982 2 205
2983 2 205
2984 2 205
2985 2 205
2986 2 205
2987 2 205
2988 2 205
2989 2 205
2990 2 205
2991 2 205
2992 2 205
2993 2 205
2994 2 205
2995 2 205
2996 2 205
2997 2 205
2998 2 205
2999 2 205
3000 3 205
3001 3 205
3002 3 205
3003 3 205
3004 3 205
3005 3 205
3006 3 205
3007 3 205
3008 3 205
3009 3 205
3010 2 205
3011 2 205
3012 2 205
3013 2 205
3014 2 205
3015 2 205
3016 2 205
3017 2 205
3018 2 205
3019 2 205
3020 3 205
3021 3 205
3022 3 205
3023 3 205
3024 3 205
3025 3 205
3026 3 205
3027 3 205
3028 3 205
3029 3 205
3030 2 205
3031 2 205
3032 2 205
3033 2 205
3034 2 205
3035 2 205
3036 2 205
3037 2 205
3038 2 205
3039 2 205
3040 2 205
3041 2 205
3042 2 205
3043 2 205
3044 2 205
3045 2 205
3046 2 205
3047 2 205
3048 2 205
3049 2 205
3050 2 206
3051 2 206
3052 2 206
3053 2 206
3054 2 206
3055 2 206
3056 2 206
3057 2 206
3058 2 206
3059 2 206
3060 2 204
3061 2 204
3062 2 204
3063 2 204
3064 2 204
3065 2 204
3066 2 204
3067 2 204
3068 2 204
3069 2 204
3070 2 205
3071 2 205
3072 2 205
3073 2 205
3074 2 205
3075 2 205
3076 2 205
3077 2 205
3078 2 205
3079 2 205
3080 2 205
3081 2 205
3082 2 205
3083 2 205
3084 2 205
3085 2 205
3086 2 205
3087 2 205
3088 2 205
3089 2 205
3090 2 204
3091 2 204
3092 2 204
3093 2 204
3094 2 204
3095 2 204
3096 2 204
3097 2 204
3098 2 204
3099 2 204
3100 3 205
3101 3 205
3102 3 205
3103 3 205
3104 3 205
3105 3 205
3106 3 205
3107 3 205
3108 3 205
3109 3 205
3110 1 205
3111 1 205
3112 1 205
3113 1 205
3114 1 205
3115 1 205
3116 1 205
3117 1 205
3118 1 205
3119 1 205
3120 3 204
3121 3 204
3122 3 204
3123 3 204
3124 3 204
3125 3 204
3126 3 204
3127 3 204
3128 3 204
3129 3 204
3130 1 205
3131 1 205
3132 1 205
3133 1 205
3134 1 205
3135 1 205
3136 1 205
3137 1 205
3138 1 205
3139 1 205
3140 2 204
3141 2 204
3142 2 204
3143 2 204
3144 2 204
3145 2 204
3146 2 204
3147 2 204
3148 2 204
3149 2 204
3150 2 205
3151 2 205
3152 2 205
3153 2 205
3154 2 205
3155 2 205
3156 2 205
3157 2 205
3158 2 205
3159 2 205
3160 2 204
3161 2 204
3162 2 204
3163 2 204
3164 2 204
3165 2 204
3166 2 204
3167 2 204
3168 2 204
3169 2 204
3170 3 205
3171 3 205
3172 3 205
3173 3 205
3174 3 205
3175 3 205
3176 3 205
3177 3 205
3178 3 205
3179 3 205
3180 2 204
3181 2 204
3182 2 204
3183 2 204
3184 2 204
3185 2 204
3186 2 204
3187 2 204
3188 2 204
3189 2 204
3190 2 204
3191 2 204
3192 2 204
3193 2 204
3194 2 204
3195 2 204
3196 2 204
3197 2 204
3198 2 204
3199 2 204
3200 3 204
3201 3 204
3202 3 204
3203 3 204
3204 3 204
3205 3 204
3206 3 204
3207 3 204
3208 3 204
3209 3 204
3210 2 205
3211 2 205
3212 2 205
3213 2 205
3214 2 205
3215 2 205
3216 2 205
3217 2 205
3218 2 205
3219 2 205
3220 2 206
3221 2 206
3222 2 206
3223 2 206
3224 2 206
3225 2 206
3226 2 206
3227 2 206
3228 2 206
3229 2 206
3230 2 206
3231 2 206
3232 2 206
3233 2 206
3234 2 206
3235 2 206
3236 2 206
3237 2 206
3238 2 206
3239 2 206
3240 3 207
3241 3 207
3242 3 207
3243 3 207
3244 3 207
3245 3 207
3246 3 207
3247 3 207
3248 3 207
3249 3 207
3250 2 207
3251 2 207
3252 2 207
3253 2 207
3254 2 207
3255 2 207
3256 2 207
3257 2 207
3258 2 207
3259 2 207
3260 2 209
3261 2 209
3262 2 209
3263 2 209
3264 2 209
3265 2 209
3266 2 209
3267 2 209
3268 2 209
3269 2 209
3270 2 209
3271 2 209
3272 2 209
3273 2 209
3274 2 209
3275 2 209
3276 2 209
3277 2 209
3278 2 209
3279 2 209
3280 1 208
3281 1 208
3282 1 208
3283 1 208
3284 1 208
3285 1 208
3286 1 208
3287 1 208
3288 1 208
3289 1 208
3290 2 207
3291 2 207
3292 2 207
3293 2 207
3294 2 207
3295 2 207
3296 2 207
3297 2 207
3298 2 207
3299 2 207
3300 1 209
3301 1 209
3302 1 209
3303 1 209
3304 1 209
3305 1 209
3306 1 209
3307 1 209
3308 1 209
3309 1 209
3310 2 208
3311 2 208
3312 2 208
3313 2 208
3314 2 208
3315 2 208
3316 2 208
3317 2 208
3318 2 208
3319 2 208
3320 2 209
3321 2 209
3322 2 209
3323 2 209
3324 2 209
3325 2 209
3326 2 209
3327 2 209
3328 2 209
3329 2 209
3330 2 208
3331 2 208
3332 2 208
3333 2 208
3334 2 208
3335 2 208
3336 2 208
3337 2 208
3338 2 208
3339 2 208
3340 1 208
3341 1 208
3342 1 208
3343 1 208
3344 1 208
3345 1 208
3346 1 208
3347 1 208
3348 1 208
3349 1 208
3350 2 209
3351 2 209
3352 2 209
3353 2 209
3354 2 209
3355 2 209
3356 2 209
3357 2 209
3358 2 209
3359 2 209
3360 2 209
3361 2 209
3362 2 209
3363 2 209
3364 2 209
3365 2 209
3366 2 209
3367 2 209
3368 2 209
3369 2 209
3370 3 209
3371 3 209
3372 3 209
3373 3 209
3374 3 209
3375 3 209
3376 3 209
3377 3 209
3378 3 209
3379 3 209
3380 2 209
3381 2 209
3382 2 209
3383 2 209
3384 2 209
3385 2 209
3386 2 209
3387 2 209
3388 2 209
3389 2 209
3390 2 209
3391 2 209
3392 2 209
3393 2 209
3394 2 209
3395 2 209
3396 2 209
3397 2 209
3398 2 209
3399 2 209
3400 2 209
3401 2 209
3402 2 209
3403 2 209
3404 2 209
3405 2 209
3406 2 209
3407 2 209
3408 2 209
3409 2 209
3410 2 209
3411 2 209
3412 2 209
3413 2 209
3414 2 209
3415 2 209
3416 2 209
3417 2 209
3418 2 209
3419 2 209
3420 2 209
3421 2 209
3422 2 209
3423 2 209
3424 2 209
3425 2 209
3426 2 209
3427 2 209
3428 2 209
3429 2 209
3430 2 209
3431 2 209
3432 2 209
3433 2 209
3434 2 209
3435 2 209
3436 2 209
3437 2 209
3438 2 209
3439 2 209
3440 2 208
3441 2 208
3442 2 208
3443 2 208
3444 2 208
3445 2 208
3446 2 208
3447 2 208
3448 2 208
3449 2 208
3450 2 209
3451 2 209
3452 2 209
3453 2 209
3454 2 209
3455 2 209
3456 2 209
3457 2 209
3458 2 209
3459 2 209
3460 3 208
3461 3 208
3462 3 208
3463 3 208
3464 3 208
3465 3 208
3466 3 208
3467 3 208
3468 3 208
3469 3 208
3470 1 208
3471 1 208
3472 1 208
3473 1 208
3474 1 208
3475 1 208
3476 1 208
3477 1 208
3478 1 208
3479 1 208
3480 2 208
3481 2 208
3482 2 208
3483 2 208
3484 2 208
3485 2 208
3486 2 208
3487 2 208
3488 2 208
3489 2 208
3490 2 209
3491 2 209
3492 2 209
3493 2 209
3494 2 209
3495 2 209
3496 2 209
3497 2 209
3498 2 209
3499 2 209
3500 3 209
3501 3 209
3502 3 209
3503 3 209
3504 3 209
3505 3 209
3506 3 209
3507 3 209
3508 3 209
3509 3 209
3510 2 210
3511 2 210
3512 2 210
3513 2 210
3514 2 210
3515 2 210
3516 2 210
3517 2 210
3518 2 210
3519 2 210
3520 4 210
3521 4 210
3522 4 210
3523 4 210
3524 4 210
3525 4 210
3526 4 210
3527 4 210
3528 4 210
3529 4 210
3530 14 211
3531 14 211
3532 14 211
3533 14 211
3534 14 211
3535 14 211
3536 14 211
3537 14 211
3538 14 211
3539 14 211
3540 19 210
3541 19 210
3542 19 210
3543 19 210
3544 19 210
3545 19 210
3546 19 210
3547 19 210
3548 19 210
3549 19 210
3550 25 210
3551 25 210
3552 25 210
3553 25 210
3554 25 210
3555 25 210
3556 25 210
3557 25 210
3558 25 210
3559 25 210
3560 33 211
3561 33 211
3562 33 211
3563 33 211
3564 33 211
3565 33 211
3566 33 211
3567 33 211
3568 33 211
3569 33 211
3570 35 211
3571 35 211
3572 35 211
3573 35 211
3574 35 211
3575 35 211
3576 35 211
3577 35 211
3578 35 211
3579 35 211
3580 41 210
3581 41 210
3582 41 210
3583 41 210
3584 41 210
3585 41 210
3586 41 210
3587 41 210
3588 41 210
3589 41 210
3590 47 211
3591 47 211
3592 47 211
3593 47 211
3594 47 211
3595 47 211
3596 47 211
3597 47 211
3598 47 211
3599 47 211
3600 49 211
3601 49 211
3602 49 211
3603 49 211
3604 49 211
3605 49 211
3606 49 211
3607 49 211
3608 49 211
3609 49 211
3610 51 211
3611 51 211
3612 51 211
3613 51 211
3614 51 211
3615 51 211
3616 51 211
3617 51 211
3618 51 211
3619 51 211
3620 48 528
3621 48 528
3622 48 528
3623 48 528
3624 48 528
3625 48 528
3626 48 528
3627 48 528
3628 48 528
3629 48 528
3630 57 445
3631 57 445
3632 57 445
3633 57 445
3634 57 445
3635 57 445
3636 57 445
3637 57 445
3638 57 445
3639 57 445
3640 69 207
3641 69 207
3642 69 207
3643 69 207
3644 69 207
3645 69 207
3646 69 207
3647 69 207
3648 69 207
3649 69 207
3650 66 529
3651 66 529
3652 66 529
3653 66 529
3654 66 529
3655 66 529
3656 66 529
3657 66 529
3658 66 529
3659 66 529
3660 73 207
3661 73 207
3662 73 207
3663 73 207
3664 73 207
3665 73 207
3666 73 207
3667 73 207
3668 73 207
3669 73 207
3670 69 529
3671 69 529
3672 69 529
3673 69 529
3674 69 529
3675 69 529
3676 69 529
3677 69 529
3678 69 529
3679 69 529
3680 77 208
3681 77 208
3682 77 208
3683 77 208
3684 77 208
3685 77 208
3686 77 208
3687 77 208
3688 77 208
3689 77 208
3690 73 530
3691 73 530
3692 73 530
3693 73 530
3694 73 530
3695 73 530
3696 73 530
3697 73 530
3698 73 530
3699 73 530
3700 79 208
3701 79 208
3702 79 208
3703 79 208
3704 79 208
3705 79 208
3706 79 208
3707 79 208
3708 79 208
3709 79 208
3710 74 530
3711 74 530
3712 74 530
3713 74 530
3714 74 530
3715 74 530
3716 74 530
3717 74 530
3718 74 530
3719 74 530
3720 81 209
3721 81 209
3722 81 209
3723 81 209
3724 81 209
3725 81 209
3726 81 209
3727 81 209
3728 81 209
3729 81 209
3730 76 531
3731 76 531
3732 76 531
3733 76 531
3734 76 531
3735 76 531
3736 76 531
3737 76 531
3738 76 531
3739 76 531
3740 82 209
3741 82 209
3742 82 209
3743 82 209
3744 82 209
3745 82 209
3746 82 209
3747 82 209
3748 82 209
3749 82 209
3750 76 531
3751 76 531
3752 76 531
3753 76 531
3754 76 531
3755 76 531
3756 76 531
3757 76 531
3758 76 531
3759 76 531
3760 83 209
3761 83 209
3762 83 209
3763 83 209
3764 83 209
3765 83 209
3766 83 209
3767 83 209
3768 83 209
3769 83 209
3770 77 531
3771 77 531
3772 77 531
3773 77 531
3774 77 531
3775 77 531
3776 77 531
3777 77 531
3778 77 531
3779 77 531
3780 83 210
3781 83 210
3782 83 210
3783 83 210
3784 83 210
3785 83 210
3786 83 210
3787 83 210
3788 83 210
3789 83 210
3790 78 532
3791 78 532
3792 78 532
3793 78 532
3794 78 532
3795 78 532
3796 78 532
3797 78 532
3798 78 532
3799 78 532
3800 85 210
3801 85 210
3802 85 210
3803 85 210
3804 85 210
3805 85 210
3806 85 210
3807 85 210
3808 85 210
3809 85 210
3810 80 532
3811 80 532
3812 80 532
3813 80 532
3814 80 532
3815 80 532
3816 80 532
3817 80 532
3818 80 532
3819 80 532
3820 87 210
3821 87 210
3822 87 210
3823 87 210
3824 87 210
3825 87 210
3826 87 210
3827 87 210
3828 87 210
3829 87 210
3830 84 532
3831 84 532
3832 84 532
3833 84 532
3834 84 532
3835 84 532
3836 84 532
3837 84 532
3838 84 532
3839 84 532
3840 93 210
3841 93 210
3842 93 210
3843 93 210
3844 93 210
3845 93 210
3846 93 210
3847 93 210
3848 93 210
3849 93 210
3850 90 532
3851 90 532
3852 90 532
3853 90 532
3854 90 532
3855 90 532
3856 90 532
3857 90 532
3858 90 532
3859 90 532
3860 97 211
3861 97 211
3862 97 211
3863 97 211
3864 97 211
3865 97 211
3866 97 211
3867 97 211
3868 97 211
3869 97 211
3870 94 530
3871 94 530
3872 94 530
3873 94 530
3874 94 530
3875 94 530
3876 94 530
3877 94 530
3878 94 530
3879 94 530
3880 104 211
3881 104 211
3882 104 211
3883 104 211
3884 104 211
3885 104 211
3886 104 211
3887 104 211
3888 104 211
3889 104 211
3890 103 205
3891 103 205
3892 103 205
3893 103 205
3894 103 205
3895 103 205
3896 103 205
3897 103 205
3898 103 205
3899 103 205
3900 102 579
3901 102 579
3902 102 579
3903 102 579
3904 102 579
3905 102 579
3906 102 579
3907 102 579
3908 102 579
3909 102 579
3910 107 501
3911 107 501
3912 107 501
3913 107 501
3914 107 501
3915 107 501
3916 107 501
3917 107 501
3918 107 501
3919 107 501
3920 116 206
3921 116 206
3922 116 206
3923 116 206
3924 116 206
3925 116 206
3926 116 206
3927 116 206
3928 116 206
3929 116 206
3930 116 581
3931 116 581
3932 116 581
3933 116 581
3934 116 581
3935 116 581
3936 116 581
3937 116 581
3938 116 581
3939 116 581
3940 120 502
3941 120 502
3942 120 502
3943 120 502
3944 120 502
3945 120 502
3946 120 502
3947 120 502
3948 120 502
3949 120 502
3950 124 207
3951 124 207
3952 124 207
3953 124 207
3954 124 207
3955 124 207
3956 124 207
3957 124 207
3958 124 207
3959 124 207
3960 130 581
3961 130 581
3962 130 581
3963 130 581
3964 130 581
3965 130 581
3966 130 581
3967 130 581
3968 130 581
3969 130 581
3970 141 503
3971 141 503
3972 141 503
3973 141 503
3974 141 503
3975 141 503
3976 141 503
3977 141 503
3978 141 503
3979 141 503
3980 147 210
3981 147 210
3982 147 210
3983 147 210
3984 147 210
3985 147 210
3986 147 210
3987 147 210
3988 147 210
3989 147 210
3990 149 584
3991 149 584
3992 149 584
3993 149 584
3994 149 584
3995 149 584
3996 149 584
3997 149 584
3998 149 584
3999 149 584
4000 156 504
4001 156 504
4002 156 504
4003 156 504
4004 156 504
4005 156 504
4006 156 504
4007 156 504
4008 156 504
4009 156 504
4010 164 604
4011 164 604
4012 164 604
4013 164 604
4014 164 604
4015 164 604
4016 164 604
4017 164 604
4018 164 604
4019 164 604
4020 165 602
4021 165 602
4022 165 602
4023 165 602
4024 165 602
4025 165 602
4026 165 602
4027 165 602
4028 165 602
4029 165 602
4030 169 210
4031 169 210
4032 169 210
4033 169 210
4034 169 210
4035 169 210
4036 169 210
4037 169 210
4038 169 210
4039 169 210
4040 173 216
4041 173 216
4042 173 216
4043 173 216
4044 173 216
4045 173 216
4046 173 216
4047 173 216
4048 173 216
4049 173 216
4050 175 604
4051 175 604
4052 175 604
4053 175 604
4054 175 604
4055 175 604
4056 175 604
4057 175 604
4058 175 604
4059 175 604
4060 179 603
4061 179 603
4062 179 603
4063 179 603
4064 179 603
4065 179 603
4066 179 603
4067 179 603
4068 179 603
4069 179 603
4070 187 211
4071 187 211
4072 187 211
4073 187 211
4074 187 211
4075 187 211
4076 187 211
4077 187 211
4078 187 211
4079 187 211
4080 193 217
4081 193 217
4082 193 217
4083 193 217
4084 193 217
4085 193 217
4086 193 217
4087 193 217
4088 193 217
4089 193 217
4090 194 605
4091 194 605
4092 194 605
4093 194 605
4094 194 605
4095 194 605
4096 194 605
4097 194 605
4098 194 605
4099 194 605
4100 195 603
4101 195 603
4102 195 603
4103 195 603
4104 195 603
4105 195 603
4106 195 603
4107 195 603
4108 195 603
4109 195 603
4110 199 212
4111 199 212
4112 199 212
4113 199 212
4114 199 212
4115 199 212
4116 199 212
4117 199 212
4118 199 212
4119 199 212
4120 204 217
4121 204 217
4122 204 217
4123 204 217
4124 204 217
4125 204 217
4126 204 217
4127 204 217
4128 204 217
4129 204 217
4130 205 217
4131 205 217
4132 205 217
4133 205 217
4134 205 217
4135 205 217
4136 205 217
4137 205 217
4138 205 217
4139 205 217
4140 205 216
4141 205 216
4142 205 216
4143 205 216
4144 205 216
4145 205 216
4146 205 216
4147 205 216
4148 205 216
4149 205 216
4150 205 216
4151 205 216
4152 205 216
4153 205 216
4154 205 216
4155 205 216
4156 205 216
4157 205 216
4158 205 216
4159 205 216
4160 206 216
4161 206 216
4162 206 216
4163 206 216
4164 206 216
4165 206 216
4166 206 216
4167 206 216
4168 206 216
4169 206 216
4170 207 216
4171 207 216
4172 207 216
4173 207 216
4174 207 216
4175 207 216
4176 207 216
4177 207 216
4178 207 216
4179 207 216
4180 207 216
4181 207 216
4182 207 216
4183 207 216
4184 207 216
4185 207 216
4186 207 216
4187 207 216
4188 207 216
4189 207 216
4190 209 215
4191 209 215
4192 209 215
4193 209 215
4194 209 215
4195 209 215
4196 209 215
4197 209 215
4198 209 215
4199 209 215
4200 209 216
4201 209 216
4202 209 216
4203 209 216
4204 209 216
4205 209 216
4206 209 216
4207 209 216
4208 209 216
4209 209 216
4210 209 215
4211 209 215
4212 209 215
4213 209 215
4214 209 215
4215 209 215
4216 209 215
4217 209 215
4218 209 215
4219 209 215
4220 209 215
4221 209 215
4222 209 215
4223 209 215
4224 209 215
4225 209 215
4226 209 215
4227 209 215
4228 209 215
4229 209 215
4230 209 214
4231 209 214
4232 209 214
4233 209 214
4234 209 214
4235 209 214
4236 209 214
4237 209 214
4238 209 214
4239 209 214
4240 209 213
4241 209 213
4242 209 213
4243 209 213
4244 209 213
4245 209 213
4246 209 213
4247 209 213
4248 209 213
4249 209 213
4250 209 213
4251 209 213
4252 209 213
4253 209 213
4254 209 213
4255 209 213
4256 209 213
4257 209 213
4258 209 213
4259 209 213
4260 209 213
4261 209 213
4262 209 213
4263 209 213
4264 209 213
4265 209 213
4266 209 213
4267 209 213
4268 209 213
4269 209 213
4270 209 213
4271 209 213
4272 209 213
4273 209 213
4274 209 213
4275 209 213
4276 209 213
4277 209 213
4278 209 213
4279 209 213
4280 210 213
4281 210 213
4282 210 213
4283 210 213
4284 210 213
4285 210 213
4286 210 213
4287 210 213
4288 210 213
4289 210 213
4290 210 213
4291 210 213
4292 210 213
4293 210 213
4294 210 213
4295 210 213
4296 210 213
4297 210 213
4298 210 213
4299 210 213
4300 210 213
4301 210 213
4302 210 213
4303 210 213
4304 210 213
4305 210 213
4306 210 213
4307 210 213
4308 210 213
4309 210 213
4310 210 214
4311 210 214
4312 210 214
4313 210 214
4314 210 214
4315 210 214
4316 210 214
4317 210 214
4318 210 214
4319 210 214
4320 209 213
4321 209 213
4322 209 213
4323 209 213
4324 209 213
4325 209 213
4326 209 213
4327 209 213
4328 209 213
4329 209 213
4330 209 213
4331 209 213
4332 209 213
4333 209 213
4334 209 213
4335 209 213
4336 209 213
4337 209 213
4338 209 213
4339 209 213
4340 210 213
4341 210 213
4342 210 213
4343 210 213
4344 210 213
4345 210 213
4346 210 213
4347 210 213
4348 210 213
4349 210 213
4350 210 213
4351 210 213
4352 210 213
4353 210 213
4354 210 213
4355 210 213
4356 210 213
4357 210 213
4358 210 213
4359 210 213
4360 210 214
4361 210 214
4362 210 214
4363 210 214
4364 210 214
4365 210 214
4366 210 214
4367 210 214
4368 210 214
4369 210 214
4370 209 213
4371 209 213
4372 209 213
4373 209 213
4374 209 213
4375 209 213
4376 209 213
4377 209 213
4378 209 213
4379 209 213
4380 209 213
4381 209 213
4382 209 213
4383 209 213
4384 209 213
4385 209 213
4386 209 213
4387 209 213
4388 209 213
4389 209 213
4390 210 213
4391 210 213
4392 210 213
4393 210 213
4394 210 213
4395 210 213
4396 210 213
4397 210 213
4398 210 213
4399 210 213
4400 210 213
4401 210 213
4402 210 213
4403 210 213
4404 210 213
4405 210 213
4406 210 213
4407 210 213
4408 210 213
4409 210 213
4410 209 213
4411 209 213
4412 209 213
4413 209 213
4414 209 213
4415 209 213
4416 209 213
4417 209 213
4418 209 213
4419 209 213
4420 210 212
4421 210 212
4422 210 212
4423 210 212
4424 210 212
4425 210 212
4426 210 212
4427 210 212
4428 210 212
4429 210 212
4430 209 212
4431 209 212
4432 209 212
4433 209 212
4434 209 212
4435 209 212
4436 209 212
4437 209 212
4438 209 212
4439 209 212
4440 209 211
4441 209 211
4442 209 211
4443 209 211
4444 209 211
4445 209 211
4446 209 211
4447 209 211
4448 209 211
4449 209 211
4450 210 212
4451 210 212
4452 210 212
4453 210 212
4454 210 212
4455 210 212
4456 210 212
4457 210 212
4458 210 212
4459 210 212
4460 211 211
4461 211 211
4462 211 211
4463 211 211
4464 211 211
4465 211 211
4466 211 211
4467 211 211
4468 211 211
4469 211 211
4470 214 211
4471 214 211
4472 214 211
4473 214 211
4474 214 211
4475 214 211
4476 214 211
4477 214 211
4478 214 211
4479 214 211
4480 217 211
4481 217 211
4482 217 211
4483 217 211
4484 217 211
4485 217 211
4486 217 211
4487 217 211
4488 217 211
4489 217 211
4490 217 211
4491 217 211
4492 217 211
4493 217 211
4494 217 211
4495 217 211
4496 217 211
4497 217 211
4498 217 211
4499 217 211
4500 218 211
4501 218 211
4502 218 211
4503 218 211
4504 218 211
4505 218 211
4506 218 211
4507 218 211
4508 218 211
4509 218 211
4510 219 211
4511 219 211
4512 219 211
4513 219 211
4514 219 211
4515 219 211
4516 219 211
4517 219 211
4518 219 211
4519 219 211
4520 223 211
4521 223 211
4522 223 211
4523 223 211
4524 223 211
4525 223 211
4526 223 211
4527 223 211
4528 223 211
4529 223 211
4530 227 211
4531 227 211
4532 227 211
4533 227 211
4534 227 211
4535 227 211
4536 227 211
4537 227 211
4538 227 211
4539 227 211
4540 230 211
4541 230 211
4542 230 211
4543 230 211
4544 230 211
4545 230 211
4546 230 211
4547 230 211
4548 230 211
4549 230 211
4550 233 211
4551 233 211
4552 233 211
4553 233 211
4554 233 211
4555 233 211
4556 233 211
4557 233 211
4558 233 211
4559 233 211
4560 236 211
4561 236 211
4562 236 211
4563 236 211
4564 236 211
4565 236 211
4566 236 211
4567 236 211
4568 236 211
4569 236 211
4570 238 211
4571 238 211
4572 238 211
4573 238 211
4574 238 211
4575 238 211
4576 238 211
4577 238 211
4578 238 211
4579 238 211
4580 241 211
4581 241 211
4582 241 211
4583 241 211
4584 241 211
4585 241 211
4586 241 211
4587 241 211
4588 241 211
4589 241 211
4590 242 211
4591 242 211
4592 242 211
4593 242 211
4594 242 211
4595 242 211
4596 242 211
4597 242 211
4598 242 211
4599 242 211
4600 243 211
4601 243 211
4602 243 211
4603 243 211
4604 243 211
4605 243 211
4606 243 211
4607 243 211
4608 243 211
4609 243 211
4610 247 211
4611 247 211
4612 247 211
4613 247 211
4614 247 211
4615 247 211
4616 247 211
4617 247 211
4618 247 211
4619 247 211
4620 250 211
4621 250 211
4622 250 211
4623 250 211
4624 250 211
4625 250 211
4626 250 211
4627 250 211
4628 250 211
4629 250 211
4630 255 204
4631 255 204
4632 255 204
4633 255 204
4634 255 204
4635 255 204
4636 255 204
4637 255 204
4638 255 204
4639 255 204
4640 258 206
4641 258 206
4642 258 206
4643 258 206
4644 258 206
4645 258 206
4646 258 206
4647 258 206
4648 258 206
4649 258 206
4650 262 615
4651 262 615
4652 262 615
4653 262 615
4654 262 615
4655 262 615
4656 262 615
4657 262 615
4658 262 615
4659 262 615
4660 264 668
4661 264 668
4662 264 668
4663 264 668
4664 264 668
4665 264 668
4666 264 668
4667 264 668
4668 264 668
4669 264 668
4670 273 601
4671 273 601
4672 273 601
4673 273 601
4674 273 601
4675 273 601
4676 273 601
4677 273 601
4678 273 601
4679 273 601
4680 276 211
4681 276 211
4682 276 211
4683 276 211
4684 276 211
4685 276 211
4686 276 211
4687 276 211
4688 276 211
4689 276 211
4690 276 204
4691 276 204
4692 276 204
4693 276 204
4694 276 204
4695 276 204
4696 276 204
4697 276 204
4698 276 204
4699 276 204
4700 282 206
4701 282 206
4702 282 206
4703 282 206
4704 282 206
4705 282 206
4706 282 206
4707 282 206
4708 282 206
4709 282 206
4710 280 621
4711 280 621
4712 280 621
4713 280 621
4714 280 621
4715 280 621
4716 280 621
4717 280 621
4718 280 621
4719 280 621
4720 286 675
4721 286 675
4722 286 675
4723 286 675
4724 286 675
4725 286 675
4726 286 675
4727 286 675
4728 286 675
4729 286 675
4730 286 607
4731 286 607
4732 286 607
4733 286 607
4734 286 607
4735 286 607
4736 286 607
4737 286 607
4738 286 607
4739 286 607
4740 288 211
4741 288 211
4742 288 211
4743 288 211
4744 288 211
4745 288 211
4746 288 211
4747 288 211
4748 288 211
4749 288 211
4750 287 204
4751 287 204
4752 287 204
4753 287 204
4754 287 204
4755 287 204
4756 287 204
4757 287 204
4758 287 204
4759 287 204
4760 287 206
4761 287 206
4762 287 206
4763 287 206
4764 287 206
4765 287 206
4766 287 206
4767 287 206
4768 287 206
4769 287 206
4770 285 612
4771 285 612
4772 285 612
4773 285 612
4774 285 612
4775 285 612
4776 285 612
4777 285 612
4778 285 612
4779 285 612
4780 287 663
4781 287 663
4782 287 663
4783 287 663
4784 287 663
4785 287 663
4786 287 663
4787 287 663
4788 287 663
4789 287 663
4790 286 598
4791 286 598
4792 286 598
4793 286 598
4794 286 598
4795 286 598
4796 286 598
4797 286 598
4798 286 598
4799 286 598
4800 287 210
4801 287 210
4802 287 210
4803 287 210
4804 287 210
4805 287 210
4806 287 210
4807 287 210
4808 287 210
4809 287 210
4810 287 203
4811 287 203
4812 287 203
4813 287 203
4814 287 203
4815 287 203
4816 287 203
4817 287 203
4818 287 203
4819 287 203
4820 286 206
4821 286 206
4822 286 206
4823 286 206
4824 286 206
4825 286 206
4826 286 206
4827 286 206
4828 286 206
4829 286 206
4830 296 616
4831 296 616
4832 296 616
4833 296 616
4834 296 616
4835 296 616
4836 296 616
4837 296 616
4838 296 616
4839 296 616
4840 306 666
4841 306 666
4842 306 666
4843 306 666
4844 306 666
4845 306 666
4846 306 666
4847 306 666
4848 306 666
4849 306 666
4850 310 204
4851 310 204
4852 310 204
4853 310 204
4854 310 204
4855 310 204
4856 310 204
4857 310 204
4858 310 204
4859 310 204
4860 317 206
4861 317 206
4862 317 206
4863 317 206
4864 317 206
4865 317 206
4866 317 206
4867 317 206
4868 317 206
4869 317 206
4870 323 680
4871 323 680
4872 323 680
4873 323 680
4874 323 680
4875 323 680
4876 323 680
4877 323 680
4878 323 680
4879 323 680
4880 325 498
4881 325 498
4882 325 498
4883 325 498
4884 325 498
4885 325 498
4886 325 498
4887 325 498
4888 325 498
4889 325 498
4890 335 204
4891 335 204
4892 335 204
4893 335 204
4894 335 204
4895 335 204
4896 335 204
4897 335 204
4898 335 204
4899 335 204
4900 342 620
4901 342 620
4902 342 620
4903 342 620
4904 342 620
4905 342 620
4906 342 620
4907 342 620
4908 342 620
4909 342 620
4910 346 644
4911 346 644
4912 346 644
4913 346 644
4914 346 644
4915 346 644
4916 346 644
4917 346 644
4918 346 644
4919 346 644
4920 351 204
4921 351 204
4922 351 204
4923 351 204
4924 351 204
4925 351 204
4926 351 204
4927 351 204
4928 351 204
4929 351 204
4930 362 598
4931 362 598
4932 362 598
4933 362 598
4934 362 598
4935 362 598
4936 362 598
4937 362 598
4938 362 598
4939 362 598
4940 368 204
4941 368 204
4942 368 204
4943 368 204
4944 368 204
4945 368 204
4946 368 204
4947 368 204
4948 368 204
4949 368 204
4950 372 687
4951 372 687
4952 372 687
4953 372 687
4954 372 687
4955 372 687
4956 372 687
4957 372 687
4958 372 687
4959 372 687
4960 382 211
4961 382 211
4962 382 211
4963 382 211
4964 382 211
4965 382 211
4966 382 211
4967 382 211
4968 382 211
4969 382 211
4970 388 206
4971 388 206
4972 388 206
4973 388 206
4974 388 206
4975 388 206
4976 388 206
4977 388 206
4978 388 206
4979 388 206
4980 390 665
4981 390 665
4982 390 665
4983 390 665
4984 390 665
4985 390 665
4986 390 665
4987 390 665
4988 390 665
4989 390 665
4990 398 204
4991 398 204
4992 398 204
4993 398 204
4994 398 204
4995 398 204
4996 398 204
4997 398 204
4998 398 204
4999 398 204
5000 404 620
5001 404 620
5002 404 620
5003 404 620
5004 404 620
5005 404 620
5006 404 620
5007 404 620
5008 404 620
5009 404 620
5010 415 688
5011 415 688
5012 415 688
5013 415 688
5014 415 688
5015 415 688
5016 415 688
5017 415 688
5018 415 688
5019 415 688
5020 423 203
5021 423 203
5022 423 203
5023 423 203
5024 423 203
5025 423 203
5026 423 203
5027 423 203
5028 423 203
5029 423 203
5030 432 698
5031 432 698
5032 432 698
5033 432 698
5034 432 698
5035 432 698
5036 432 698
5037 432 698
5038 432 698
5039 432 698
5040 443 210
5041 443 210
5042 443 210
5043 443 210
5044 443 210
5045 443 210
5046 443 210
5047 443 210
5048 443 210
5049 443 210
5050 447 216
5051 447 216
5052 447 216
5053 447 216
5054 447 216
5055 447 216
5056 447 216
5057 447 216
5058 447 216
5059 447 216
5060 449 599
5061 449 599
5062 449 599
5063 449 599
5064 449 599
5065 449 599
5066 449 599
5067 449 599
5068 449 599
5069 449 599
5070 450 204
5071 450 204
5072 450 204
5073 450 204
5074 450 204
5075 450 204
5076 450 204
5077 450 204
5078 450 204
5079 450 204
5080 449 210
5081 449 210
5082 449 210
5083 449 210
5084 449 210
5085 449 210
5086 449 210
5087 449 210
5088 449 210
5089 449 210
5090 449 204
5091 449 204
5092 449 204
5093 449 204
5094 449 204
5095 449 204
5096 449 204
5097 449 204
5098 449 204
5099 449 204
5100 448 682
5101 448 682
5102 448 682
5103 448 682
5104 448 682
5105 448 682
5106 448 682
5107 448 682
5108 448 682
5109 448 682
5110 449 203
5111 449 203
5112 449 203
5113 449 203
5114 449 203
5115 449 203
5116 449 203
5117 449 203
5118 449 203
5119 449 203
5120 448 693
5121 448 693
5122 448 693
5123 448 693
5124 448 693
5125 448 693
5126 448 693
5127 448 693
5128 448 693
5129 448 693
5130 448 211
5131 448 211
5132 448 211
5133 448 211
5134 448 211
5135 448 211
5136 448 211
5137 448 211
5138 448 211
5139 448 211
5140 470 216
5141 470 216
5142 470 216
5143 470 216
5144 470 216
5145 470 216
5146 470 216
5147 470 216
5148 470 216
5149 470 216
5150 480 211
5151 480 211
5152 480 211
5153 480 211
5154 480 211
5155 480 211
5156 480 211
5157 480 211
5158 480 211
5159 480 211
5160 491 622
5161 491 622
5162 491 622
5163 491 622
5164 491 622
5165 491 622
5166 491 622
5167 491 622
5168 491 622
5169 491 622
5170 491 211
5171 491 211
5172 491 211
5173 491 211
5174 491 211
5175 491 211
5176 491 211
5177 491 211
5178 491 211
5179 491 211
5180 492 624
5181 492 624
5182 492 624
5183 492 624
5184 492 624
5185 492 624
5186 492 624
5187 492 624
5188 492 624
5189 492 624
5190 492 211
5191 492 211
5192 492 211
5193 492 211
5194 492 211
5195 492 211
5196 492 211
5197 492 211
5198 492 211
5199 492 211
5200 493 625
5201 493 625
5202 493 625
5203 493 625
5204 493 625
5205 493 625
5206 493 625
5207 493 625
5208 493 625
5209 493 625
5210 492 211
5211 492 211
5212 492 211
5213 492 211
5214 492 211
5215 492 211
5216 492 211
5217 492 211
5218 492 211
5219 492 211
5220 491 624
5221 491 624
5222 491 624
5223 491 624
5224 491 624
5225 491 624
5226 491 624
5227 491 624
5228 491 624
5229 491 624
5230 492 211
5231 492 211
5232 492 211
5233 492 211
5234 492 211
5235 492 211
5236 492 211
5237 492 211
5238 492 211
5239 492 211
5240 491 625
5241 491 625
5242 491 625
5243 491 625
5244 491 625
5245 491 625
5246 491 625
5247 491 625
5248 491 625
5249 491 625
5250 493 210
5251 493 210
5252 493 210
5253 493 210
5254 493 210
5255 493 210
5256 493 210
5257 493 210
5258 493 210
5259 493 210
5260 493 625
5261 493 625
5262 493 625
5263 493 625
5264 493 625
5265 493 625
5266 493 625
5267 493 625
5268 493 625
5269 493 625
5270 493 210
5271 493 210
5272 493 210
5273 493 210
5274 493 210
5275 493 210
5276 493 210
5277 493 210
5278 493 210
5279 493 210
5280 493 626
5281 493 626
5282 493 626
5283 493 626
5284 493 626
5285 493 626
5286 493 626
5287 493 626
5288 493 626
5289 493 626
5290 492 211
5291 492 211
5292 492 211
5293 492 211
5294 492 211
5295 492 211
5296 492 211
5297 492 211
5298 492 211
5299 492 211
5300 493 626
5301 493 626
5302 493 626
5303 493 626
5304 493 626
5305 493 626
5306 493 626
5307 493 626
5308 493 626
5309 493 626
5310 493 211
5311 493 211
5312 493 211
5313 493 211
5314 493 211
5315 493 211
5316 493 211
5317 493 211
5318 493 211
5319 493 211
5320 492 614
5321 492 614
5322 492 614
5323 492 614
5324 492 614
5325 492 614
5326 492 614
5327 492 614
5328 492 614
5329 492 614
5330 493 210
5331 493 210
5332 493 210
5333 493 210
5334 493 210
5335 493 210
5336 493 210
5337 493 210
5338 493 210
5339 493 210
5340 492 579
5341 492 579
5342 492 579
5343 492 579
5344 492 579
5345 492 579
5346 492 579
5347 492 579
5348 492 579
5349 492 579
5350 493 207
5351 493 207
5352 493 207
5353 493 207
5354 493 207
5355 493 207
5356 493 207
5357 493 207
5358 493 207
5359 493 207
5360 492 547
5361 492 547
5362 492 547
5363 492 547
5364 492 547
5365 492 547
5366 492 547
5367 492 547
5368 492 547
5369 492 547
5370 493 206
5371 493 206
5372 493 206
5373 493 206
5374 493 206
5375 493 206
5376 493 206
5377 493 206
5378 493 206
5379 493 206
5380 492 532
5381 492 532
5382 492 532
5383 492 532
5384 492 532
5385 492 532
5386 492 532
5387 492 532
5388 492 532
5389 492 532
5390 493 205
5391 493 205
5392 493 205
5393 493 205
5394 493 205
5395 493 205
5396 493 205
5397 493 205
5398 493 205
5399 493 205
5400 493 532
5401 493 532
5402 493 532
5403 493 532
5404 493 532
5405 493 532
5406 493 532
5407 493 532
5408 493 532
5409 493 532
5410 492 205
5411 492 205
5412 492 205
5413 492 205
5414 492 205
5415 492 205
5416 492 205
5417 492 205
5418 492 205
5419 492 205
5420 492 534
5421 492 534
5422 492 534
5423 492 534
5424 492 534
5425 492 534
5426 492 534
5427 492 534
5428 492 534
5429 492 534
5430 493 206
5431 493 206
5432 493 206
5433 493 206
5434 493 206
5435 493 206
5436 493 206
5437 493 206
5438 493 206
5439 493 206
5440 492 536
5441 492 536
5442 492 536
5443 492 536
5444 492 536
5445 492 536
5446 492 536
5447 492 536
5448 492 536
5449 492 536
5450 492 206
5451 492 206
5452 492 206
5453 492 206
5454 492 206
5455 492 206
5456 492 206
5457 492 206
5458 492 206
5459 492 206
5460 492 539
5461 492 539
5462 492 539
5463 492 539
5464 492 539
5465 492 539
5466 492 539
5467 492 539
5468 492 539
5469 492 539
5470 493 206
5471 493 206
5472 493 206
5473 493 206
5474 493 206
5475 493 206
5476 493 206
5477 493 206
5478 493 206
5479 493 206
5480 493 539
5481 493 539
5482 493 539
5483 493 539
5484 493 539
5485 493 539
5486 493 539
5487 493 539
5488 493 539
5489 493 539
5490 492 206
5491 492 206
5492 492 206
5493 492 206
5494 492 206
5495 492 206
5496 492 206
5497 492 206
5498 492 206
5499 492 206
5500 492 539
5501 492 539
5502 492 539
5503 492 539
5504 492 539
5505 492 539
5506 492 539
5507 492 539
5508 492 539
5509 492 539
5510 493 205
5511 493 205
5512 493 205
5513 493 205
5514 493 205
5515 493 205
5516 493 205
5517 493 205
5518 493 205
5519 493 205
5520 492 535
5521 492 535
5522 492 535
5523 492 535
5524 492 535
5525 492 535
5526 492 535
5527 492 535
5528 492 535
5529 492 535
5530 492 206
5531 492 206
5532 492 206
5533 492 206
5534 492 206
5535 492 206
5536 492 206
5537 492 206
5538 492 206
5539 492 206
5540 493 530
5541 493 530
5542 493 530
5543 493 530
5544 493 530
5545 493 530
5546 493 530
5547 493 530
5548 493 530
5549 493 530
5550 492 205
5551 492 205
5552 492 205
5553 492 205
5554 492 205
5555 492 205
5556 492 205
5557 492 205
5558 492 205
5559 492 205
5560 493 527
5561 493 527
5562 493 527
5563 493 527
5564 493 527
5565 493 527
5566 493 527
5567 493 527
5568 493 527
5569 493 527
5570 492 206
5571 492 206
5572 492 206
5573 492 206
5574 492 206
5575 492 206
5576 492 206
5577 492 206
5578 492 206
5579 492 206
5580 493 527
5581 493 527
5582 493 527
5583 493 527
5584 493 527
5585 493 527
5586 493 527
5587 493 527
5588 493 527
5589 493 527
5590 492 206
5591 492 206
5592 492 206
5593 492 206
5594 492 206
5595 492 206
5596 492 206
5597 492 206
5598 492 206
5599 492 206
5600 492 526
5601 492 526
5602 492 526
5603 492 526
5604 492 526
5605 492 526
5606 492 526
5607 492 526
5608 492 526
5609 492 526
5610 492 205
5611 492 205
5612 492 205
5613 492 205
5614 492 205
5615 492 205
5616 492 205
5617 492 205
5618 492 205
5619 492 205
5620 492 526
5621 492 526
5622 492 526
5623 492 526
5624 492 526
5625 492 526
5626 492 526
5627 492 526
5628 492 526
5629 492 526
5630 492 206
5631 492 206
5632 492 206
5633 492 206
5634 492 206
5635 492 206
5636 492 206
5637 492 206
5638 492 206
5639 492 206
5640 493 525
5641 493 525
5642 493 525
5643 493 525
5644 493 525
5645 493 525
5646 493 525
5647 493 525
5648 493 525
5649 493 525
5650 492 205
5651 492 205
5652 492 205
5653 492 205
5654 492 205
5655 492 205
5656 492 205
5657 492 205
5658 492 205
5659 492 205
5660 492 533
5661 492 533
5662 492 533
5663 492 533
5664 492 533
5665 492 533
5666 492 533
5667 492 533
5668 492 533
5669 492 533
5670 493 206
5671 493 206
5672 493 206
5673 493 206
5674 493 206
5675 493 206
5676 493 206
5677 493 206
5678 493 206
5679 493 206
5680 492 567
5681 492 567
5682 492 567
5683 492 567
5684 492 567
5685 492 567
5686 492 567
5687 492 567
5688 492 567
5689 492 567
5690 492 208
5691 492 208
5692 492 208
5693 492 208
5694 492 208
5695 492 208
5696 492 208
5697 492 208
5698 492 208
5699 492 208
5700 493 581
5701 493 581
5702 493 581
5703 493 581
5704 493 581
5705 493 581
5706 493 581
5707 493 581
5708 493 581
5709 493 581
5710 493 208
5711 493 208
5712 493 208
5713 493 208
5714 493 208
5715 493 208
5716 493 208
5717 493 208
5718 493 208
5719 493 208
5720 492 576
5721 492 576
5722 492 576
5723 492 576
5724 492 576
5725 492 576
5726 492 576
5727 492 576
5728 492 576
5729 492 576
5730 492 208
5731 492 208
5732 492 208
5733 492 208
5734 492 208
5735 492 208
5736 492 208
5737 492 208
5738 492 208
5739 492 208
5740 492 575
5741 492 575
5742 492 575
5743 492 575
5744 492 575
5745 492 575
5746 492 575
5747 492 575
5748 492 575
5749 492 575
5750 492 207
5751 492 207
5752 492 207
5753 492 207
5754 492 207
5755 492 207
5756 492 207
5757 492 207
5758 492 207
5759 492 207
5760 493 575
5761 493 575
5762 493 575
5763 493 575
5764 493 575
5765 493 575
5766 493 575
5767 493 575
5768 493 575
5769 493 575
5770 492 208
5771 492 208
5772 492 208
5773 492 208
5774 492 208
5775 492 208
5776 492 208
5777 492 208
5778 492 208
5779 492 208
5780 492 575
5781 492 575
5782 492 575
5783 492 575
5784 492 575
5785 492 575
5786 492 575
5787 492 575
5788 492 575
5789 492 575
5790 492 208
5791 492 208
5792 492 208
5793 492 208
5794 492 208
5795 492 208
5796 492 208
5797 492 208
5798 492 208
5799 492 208
5800 493 572
5801 493 572
5802 493 572
5803 493 572
5804 493 572
5805 493 572
5806 493 572
5807 493 572
5808 493 572
5809 493 572
5810 492 207
5811 492 207
5812 492 207
5813 492 207
5814 492 207
5815 492 207
5816 492 207
5817 492 207
5818 492 207
5819 492 207
5820 492 575
5821 492 575
5822 492 575
5823 492 575
5824 492 575
5825 492 575
5826 492 575
5827 492 575
5828 492 575
5829 492 575
5830 492 208
5831 492 208
5832 492 208
5833 492 208
5834 492 208
5835 492 208
5836 492 208
5837 492 208
5838 492 208
5839 492 208
5840 492 574
5841 492 574
5842 492 574
5843 492 574
5844 492 574
5845 492 574
5846 492 574
5847 492 574
5848 492 574
5849 492 574
5850 493 208
5851 493 208
5852 493 208
5853 493 208
5854 493 208
5855 493 208
5856 493 208
5857 493 208
5858 493 208
5859 493 208
5860 492 575
5861 492 575
5862 492 575
5863 492 575
5864 492 575
5865 492 575
5866 492 575
5867 492 575
5868 492 575
5869 492 575
5870 493 207
5871 493 207
5872 493 207
5873 493 207
5874 493 207
5875 493 207
5876 493 207
5877 493 207
5878 493 207
5879 493 207
5880 492 575
5881 492 575
5882 492 575
5883 492 575
5884 492 575
5885 492 575
5886 492 575
5887 492 575
5888 492 575
5889 492 575
5890 492 207
5891 492 207
5892 492 207
5893 492 207
5894 492 207
5895 492 207
5896 492 207
5897 492 207
5898 492 207
5899 492 207
5900 493 575
5901 493 575
5902 493 575
5903 493 575
5904 493 575
5905 493 575
5906 493 575
5907 493 575
5908 493 575
5909 493 575
5910 493 207
5911 493 207
5912 493 207
5913 493 207
5914 493 207
5915 493 207
5916 493 207
5917 493 207
5918 493 207
5919 493 207
5920 492 576
5921 492 576
5922 492 576
5923 492 576
5924 492 576
5925 492 576
5926 492 576
5927 492 576
5928 492 576
5929 492 576
5930 493 207
5931 493 207
5932 493 207
5933 493 207
5934 493 207
5935 493 207
5936 493 207
5937 493 207
5938 493 207
5939 493 207
5940 492 576
5941 492 576
5942 492 576
5943 492 576
5944 492 576
5945 492 576
5946 492 576
5947 492 576
5948 492 576
5949 492 576
5950 492 207
5951 492 207
5952 492 207
5953 492 207
5954 492 207
5955 492 207
5956 492 207
5957 492 207
5958 492 207
5959 492 207
5960 493 574
5961 493 574
5962 493 574
5963 493 574
5964 493 574
5965 493 574
5966 493 574
5967 493 574
5968 493 574
5969 493 574
5970 493 207
5971 493 207
5972 493 207
5973 493 207
5974 493 207
5975 493 207
5976 493 207
5977 493 207
5978 493 207
5979 493 207
5980 492 576
5981 492 576
5982 492 576
5983 492 576
5984 492 576
5985 492 576
5986 492 576
5987 492 576
5988 492 576
5989 492 576
5990 492 208
5991 492 208
5992 492 208
5993 492 208
5994 492 208
5995 492 208
5996 492 208
5997 492 208
5998 492 208
5999 492 208
6000 493 575