#t #potentio #lightsensor
1 492 646
2 492 646
3 492 646
4 492 646
5 492 646
6 492 646
7 492 646
8 492 646
9 492 646
10 493 647
11 493 647
12 493 647
13 493 647
14 493 647
15 493 647
16 493 647
17 493 647
18 493 647
19 493 647
20 492 650
21 492 650
22 492 650
23 492 650
24 492 650
25 492 650
26 492 650
27 492 650
28 492 650
29 492 650
30 493 186
31 493 186
32 493 186
33 493 186
34 493 186
35 493 186
36 493 186
37 493 186
38 493 186
39 493 186
40 492 440
41 492 440
42 492 440
43 492 440
44 492 440
45 492 440
46 492 440
47 492 440
48 492 440
49 492 440
50 491 636
51 491 636
52 491 636
53 491 636
54 491 636
55 491 636
56 491 636
57 491 636
58 491 636
59 491 636
60 492 646
61 492 646
62 492 646
63 492 646
64 492 646
65 492 646
66 492 646
67 492 646
68 492 646
69 492 646
70 493 188
71 493 188
72 493 188
73 493 188
74 493 188
75 493 188
76 493 188
77 493 188
78 493 188
79 493 188
80 493 535
81 493 535
82 493 535
83 493 535
84 493 535
85 493 535
86 493 535
87 493 535
88 493 535
89 493 535
90 492 642
91 492 642
92 492 642
93 492 642
94 492 642
95 492 642
96 492 642
97 492 642
98 492 642
99 492 642
100 492 651
101 492 651
102 492 651
103 492 651
104 492 651
105 492 651
106 492 651
107 492 651
108 492 651
109 492 651
110 493 654
111 493 654
112 493 654
113 493 654
114 493 654
115 493 654
116 493 654
117 493 654
118 493 654
119 493 654
120 493 187
121 493 187
122 493 187
123 493 187
124 493 187
125 493 187
126 493 187
127 493 187
128 493 187
129 493 187
130 491 195
131 491 195
132 491 195
133 491 195
134 491 195
135 491 195
136 491 195
137 491 195
138 491 195
139 491 195
140 491 641
141 491 641
142 491 641
143 491 641
144 491 641
145 491 641
146 491 641
147 491 641
148 491 641
149 491 641
150 489 651
151 489 651
152 489 651
153 489 651
154 489 651
155 489 651
156 489 651
157 489 651
158 489 651
159 489 651
160 487 655
161 487 655
162 487 655
163 487 655
164 487 655
165 487 655
166 487 655
167 487 655
168 487 655
169 487 655
170 488 188
171 488 188
172 488 188
173 488 188
174 488 188
175 488 188
176 488 188
177 488 188
178 488 188
179 488 188
180 487 188
181 487 188
182 487 188
183 487 188
184 487 188
185 487 188
186 487 188
187 487 188
188 487 188
189 487 188
190 489 635
191 489 635
192 489 635
193 489 635
194 489 635
195 489 635
196 489 635
197 489 635
198 489 635
199 489 635
200 488 192
201 488 192
202 488 192
203 488 192
204 488 192
205 488 192
206 488 192
207 488 192
208 488 192
209 488 192
210 462 549
211 462 549
212 462 549
213 462 549
214 462 549
215 462 549
216 462 549
217 462 549
218 462 549
219 462 549
220 447 574
221 447 574
222 447 574
223 447 574
224 447 574
225 447 574
226 447 574
227 447 574
228 447 574
229 447 574
230 428 190
231 428 190
232 428 190
233 428 190
234 428 190
235 428 190
236 428 190
237 428 190
238 428 190
239 428 190
240 423 198
241 423 198
242 423 198
243 423 198
244 423 198
245 423 198
246 423 198
247 423 198
248 423 198
249 423 198
250 390 646
251 390 646
252 390 646
253 390 646
254 390 646
255 390 646
256 390 646
257 390 646
258 390 646
259 390 646
260 376 581
261 376 581
262 376 581
263 376 581
264 376 581
265 376 581
266 376 581
267 376 581
268 376 581
269 376 581
270 376 613
271 376 613
272 376 613
273 376 613
274 376 613
275 376 613
276 376 613
277 376 613
278 376 613
279 376 613
280 370 578
281 370 578
282 370 578
283 370 578
284 370 578
285 370 578
286 370 578
287 370 578
288 370 578
289 370 578
290 367 626
291 367 626
292 367 626
293 367 626
294 367 626
295 367 626
296 367 626
297 367 626
298 367 626
299 367 626
300 361 579
301 361 579
302 361 579
303 361 579
304 361 579
305 361 579
306 361 579
307 361 579
308 361 579
309 361 579
310 357 634
311 357 634
312 357 634
313 357 634
314 357 634
315 357 634
316 357 634
317 357 634
318 357 634
319 357 634
320 354 580
321 354 580
322 354 580
323 354 580
324 354 580
325 354 580
326 354 580
327 354 580
328 354 580
329 354 580
330 355 641
331 355 641
332 355 641
333 355 641
334 355 641
335 355 641
336 355 641
337 355 641
338 355 641
339 355 641
340 353 581
341 353 581
342 353 581
343 353 581
344 353 581
345 353 581
346 353 581
347 353 581
348 353 581
349 353 581
350 354 644
351 354 644
352 354 644
353 354 644
354 354 644
355 354 644
356 354 644
357 354 644
358 354 644
359 354 644
360 353 579
361 353 579
362 353 579
363 353 579
364 353 579
365 353 579
366 353 579
367 353 579
368 353 579
369 353 579
370 354 648
371 354 648
372 354 648
373 354 648
374 354 648
375 354 648
376 354 648
377 354 648
378 354 648
379 354 648
380 353 579
381 353 579
382 353 579
383 353 579
384 353 579
385 353 579
386 353 579
387 353 579
388 353 579
389 353 579
390 350 188
391 350 188
392 350 188
393 350 188
394 350 188
395 350 188
396 350 188
397 350 188
398 350 188
399 350 188
400 336 613
401 336 613
402 336 613
403 336 613
404 336 613
405 336 613
406 336 613
407 336 613
408 336 613
409 336 613
410 335 654
411 335 654
412 335 654
413 335 654
414 335 654
415 335 654
416 335 654
417 335 654
418 335 654
419 335 654
420 331 584
421 331 584
422 331 584
423 331 584
424 331 584
425 331 584
426 331 584
427 331 584
428 331 584
429 331 584
430 326 188
431 326 188
432 326 188
433 326 188
434 326 188
435 326 188
436 326 188
437 326 188
438 326 188
439 326 188
440 322 197
441 322 197
442 322 197
443 322 197
444 322 197
445 322 197
446 322 197
447 322 197
448 322 197
449 322 197
450 313 575
451 313 575
452 313 575
453 313 575
454 313 575
455 313 575
456 313 575
457 313 575
458 313 575
459 313 575
460 306 190
461 306 190
462 306 190
463 306 190
464 306 190
465 306 190
466 306 190
467 306 190
468 306 190
469 306 190
470 303 198
471 303 198
472 303 198
473 303 198
474 303 198
475 303 198
476 303 198
477 303 198
478 303 198
479 303 198
480 300 576
481 300 576
482 300 576
483 300 576
484 300 576
485 300 576
486 300 576
487 300 576
488 300 576
489 300 576
490 296 616
491 296 616
492 296 616
493 296 616
494 296 616
495 296 616
496 296 616
497 296 616
498 296 616
499 296 616
500 293 658
501 293 658
502 293 658
503 293 658
504 293 658
505 293 658
506 293 658
507 293 658
508 293 658
509 293 658
510 292 664
511 292 664
512 292 664
513 292 664
514 292 664
515 292 664
516 292 664
517 292 664
518 292 664
519 292 664
520 293 190
521 293 190
522 293 190
523 293 190
524 293 190
525 293 190
526 293 190
527 293 190
528 293 190
529 293 190
530 292 646
531 292 646
532 292 646
533 292 646
534 292 646
535 292 646
536 292 646
537 292 646
538 292 646
539 292 646
540 291 580
541 291 580
542 291 580
543 291 580
544 291 580
545 291 580
546 291 580
547 291 580
548 291 580
549 291 580
550 292 630
551 292 630
552 292 630
553 292 630
554 292 630
555 292 630
556 292 630
557 292 630
558 292 630
559 292 630
560 293 193
561 293 193
562 293 193
563 293 193
564 293 193
565 293 193
566 293 193
567 293 193
568 293 193
569 293 193
570 293 591
571 293 591
572 293 591
573 293 591
574 293 591
575 293 591
576 293 591
577 293 591
578 293 591
579 293 591
580 284 192
581 284 192
582 284 192
583 284 192
584 284 192
585 284 192
586 284 192
587 284 192
588 284 192
589 284 192
590 274 626
591 274 626
592 274 626
593 274 626
594 274 626
595 274 626
596 274 626
597 274 626
598 274 626
599 274 626
600 274 190
601 274 190
602 274 190
603 274 190
604 274 190
605 274 190
606 274 190
607 274 190
608 274 190
609 274 190
610 268 640
611 268 640
612 268 640
613 268 640
614 268 640
615 268 640
616 268 640
617 268 640
618 268 640
619 268 640
620 264 190
621 264 190
622 264 190
623 264 190
624 264 190
625 264 190
626 264 190
627 264 190
628 264 190
629 264 190
630 260 574
631 260 574
632 260 574
633 260 574
634 260 574
635 260 574
636 260 574
637 260 574
638 260 574
639 260 574
640 258 190
641 258 190
642 258 190
643 258 190
644 258 190
645 258 190
646 258 190
647 258 190
648 258 190
649 258 190
650 257 555
651 257 555
652 257 555
653 257 555
654 257 555
655 257 555
656 257 555
657 257 555
658 257 555
659 257 555
660 256 658
661 256 658
662 256 658
663 256 658
664 256 658
665 256 658
666 256 658
667 256 658
668 256 658
669 256 658
670 253 191
671 253 191
672 253 191
673 253 191
674 253 191
675 253 191
676 253 191
677 253 191
678 253 191
679 253 191
680 249 633
681 249 633
682 249 633
683 249 633
684 249 633
685 249 633
686 249 633
687 249 633
688 249 633
689 249 633
690 248 664
691 248 664
692 248 664
693 248 664
694 248 664
695 248 664
696 248 664
697 248 664
698 248 664
699 248 664
700 247 671
701 247 671
702 247 671
703 247 671
704 247 671
705 247 671
706 247 671
707 247 671
708 247 671
709 247 671
710 248 191
711 248 191
712 248 191
713 248 191
714 248 191
715 248 191
716 248 191
717 248 191
718 248 191
719 248 191
720 245 567
721 245 567
722 245 567
723 245 567
724 245 567
725 245 567
726 245 567
727 245 567
728 245 567
729 245 567
730 247 191
731 247 191
732 247 191
733 247 191
734 247 191
735 247 191
736 247 191
737 247 191
738 247 191
739 247 191
740 248 615
741 248 615
742 248 615
743 248 615
744 248 615
745 248 615
746 248 615
747 248 615
748 248 615
749 248 615
750 248 194
751 248 194
752 248 194
753 248 194
754 248 194
755 248 194
756 248 194
757 248 194
758 248 194
759 248 194
760 239 574
761 239 574
762 239 574
763 239 574
764 239 574
765 239 574
766 239 574
767 239 574
768 239 574
769 239 574
770 234 555
771 234 555
772 234 555
773 234 555
774 234 555
775 234 555
776 234 555
777 234 555
778 234 555
779 234 555
780 227 656
781 227 656
782 227 656
783 227 656
784 227 656
785 227 656
786 227 656
787 227 656
788 227 656
789 227 656
790 220 666
791 220 666
792 220 666
793 220 666
794 220 666
795 220 666
796 220 666
797 220 666
798 220 666
799 220 666
800 218 191
801 218 191
802 218 191
803 218 191
804 218 191
805 218 191
806 218 191
807 218 191
808 218 191
809 218 191
810 213 558
811 213 558
812 213 558
813 213 558
814 213 558
815 213 558
816 213 558
817 213 558
818 213 558
819 213 558
820 208 192
821 208 192
822 208 192
823 208 192
824 208 192
825 208 192
826 208 192
827 208 192
828 208 192
829 208 192
830 204 643
831 204 643
832 204 643
833 204 643
834 204 643
835 204 643
836 204 643
837 204 643
838 204 643
839 204 643
840 198 192
841 198 192
842 198 192
843 198 192
844 198 192
845 198 192
846 198 192
847 198 192
848 198 192
849 198 192
850 189 601
851 189 601
852 189 601
853 189 601
854 189 601
855 189 601
856 189 601
857 189 601
858 189 601
859 189 601
860 187 664
861 187 664
862 187 664
863 187 664
864 187 664
865 187 664
866 187 664
867 187 664
868 187 664
869 187 664
870 186 194
871 186 194
872 186 194
873 186 194
874 186 194
875 186 194
876 186 194
877 186 194
878 186 194
879 186 194
880 182 637
881 182 637
882 182 637
883 182 637
884 182 637
885 182 637
886 182 637
887 182 637
888 182 637
889 182 637
890 178 668
891 178 668
892 178 668
893 178 668
894 178 668
895 178 668
896 178 668
897 178 668
898 178 668
899 178 668
900 176 674
901 176 674
902 176 674
903 176 674
904 176 674
905 176 674
906 176 674
907 176 674
908 176 674
909 176 674
910 176 191
911 176 191
912 176 191
913 176 191
914 176 191
915 176 191
916 176 191
917 176 191
918 176 191
919 176 191
920 175 594
921 175 594
922 175 594
923 175 594
924 175 594
925 175 594
926 175 594
927 175 594
928 175 594
929 175 594
930 173 573
931 173 573
932 173 573
933 173 573
934 173 573
935 173 573
936 173 573
937 173 573
938 173 573
939 173 573
940 175 191
941 175 191
942 175 191
943 175 191
944 175 191
945 175 191
946 175 191
947 175 191
948 175 191
949 175 191
950 175 618
951 175 618
952 175 618
953 175 618
954 175 618
955 175 618
956 175 618
957 175 618
958 175 618
959 175 618
960 174 575
961 174 575
962 174 575
963 174 575
964 174 575
965 174 575
966 174 575
967 174 575
968 174 575
969 174 575
970 173 192
971 173 192
972 173 192
973 173 192
974 173 192
975 173 192
976 173 192
977 173 192
978 173 192
979 173 192
980 155 561
981 155 561
982 155 561
983 155 561
984 155 561
985 155 561
986 155 561
987 155 561
988 155 561
989 155 561
990 159 199
991 159 199
992 159 199
993 159 199
994 159 199
995 159 199
996 159 199
997 159 199
998 159 199
999 159 199
1000 145 192
1001 145 192
1002 145 192
1003 145 192
1004 145 192
1005 145 192
1006 145 192
1007 145 192
1008 145 192
1009 145 192
1010 135 195
1011 135 195
1012 135 195
1013 135 195
1014 135 195
1015 135 195
1016 135 195
1017 135 195
1018 135 195
1019 135 195
1020 128 559
1021 128 559
1022 128 559
1023 128 559
1024 128 559
1025 128 559
1026 128 559
1027 128 559
1028 128 559
1029 128 559
1030 124 638
1031 124 638
1032 124 638
1033 124 638
1034 124 638
1035 124 638
1036 124 638
1037 124 638
1038 124 638
1039 124 638
1040 119 192
1041 119 192
1042 119 192
1043 119 192
1044 119 192
1045 119 192
1046 119 192
1047 119 192
1048 119 192
1049 119 192
1050 109 558
1051 109 558
1052 109 558
1053 109 558
1054 109 558
1055 109 558
1056 109 558
1057 109 558
1058 109 558
1059 109 558
1060 109 193
1061 109 193
1062 109 193
1063 109 193
1064 109 193
1065 109 193
1066 109 193
1067 109 193
1068 109 193
1069 109 193
1070 104 195
1071 104 195
1072 104 195
1073 104 195
1074 104 195
1075 104 195
1076 104 195
1077 104 195
1078 104 195
1079 104 195
1080 92 559
1081 92 559
1082 92 559
1083 92 559
1084 92 559
1085 92 559
1086 92 559
1087 92 559
1088 92 559
1089 92 559
1090 93 193
1091 93 193
1092 93 193
1093 93 193
1094 93 193
1095 93 193
1096 93 193
1097 93 193
1098 93 193
1099 93 193
1100 88 551
1101 88 551
1102 88 551
1103 88 551
1104 88 551
1105 88 551
1106 88 551
1107 88 551
1108 88 551
1109 88 551
1110 91 618
1111 91 618
1112 91 618
1113 91 618
1114 91 618
1115 91 618
1116 91 618
1117 91 618
1118 91 618
1119 91 618
1120 88 573
1121 88 573
1122 88 573
1123 88 573
1124 88 573
1125 88 573
1126 88 573
1127 88 573
1128 88 573
1129 88 573
1130 93 193
1131 93 193
1132 93 193
1133 93 193
1134 93 193
1135 93 193
1136 93 193
1137 93 193
1138 93 193
1139 93 193
1140 89 550
1141 89 550
1142 89 550
1143 89 550
1144 89 550
1145 89 550
1146 89 550
1147 89 550
1148 89 550
1149 89 550
1150 91 627
1151 91 627
1152 91 627
1153 91 627
1154 91 627
1155 91 627
1156 91 627
1157 91 627
1158 91 627
1159 91 627
1160 80 650
1161 80 650
1162 80 650
1163 80 650
1164 80 650
1165 80 650
1166 80 650
1167 80 650
1168 80 650
1169 80 650
1170 69 582
1171 69 582
1172 69 582
1173 69 582
1174 69 582
1175 69 582
1176 69 582
1177 69 582
1178 69 582
1179 69 582
1180 64 193
1181 64 193
1182 64 193
1183 64 193
1184 64 193
1185 64 193
1186 64 193
1187 64 193
1188 64 193
1189 64 193
1190 56 553
1191 56 553
1192 56 553
1193 56 553
1194 56 553
1195 56 553
1196 56 553
1197 56 553
1198 56 553
1199 56 553
1200 52 610
1201 52 610
1202 52 610
1203 52 610
1204 52 610
1205 52 610
1206 52 610
1207 52 610
1208 52 610
1209 52 610
1210 45 193
1211 45 193
1212 45 193
1213 45 193
1214 45 193
1215 45 193
1216 45 193
1217 45 193
1218 45 193
1219 45 193
1220 39 201
1221 39 201
1222 39 201
1223 39 201
1224 39 201
1225 39 201
1226 39 201
1227 39 201
1228 39 201
1229 39 201
1230 29 201
1231 29 201
1232 29 201
1233 29 201
1234 29 201
1235 29 201
1236 29 201
1237 29 201
1238 29 201
1239 29 201
1240 21 200
1241 21 200
1242 21 200
1243 21 200
1244 21 200
1245 21 200
1246 21 200
1247 21 200
1248 21 200
1249 21 200
1250 13 201
1251 13 201
1252 13 201
1253 13 201
1254 13 201
1255 13 201
1256 13 201
1257 13 201
1258 13 201
1259 13 201
1260 12 201
1261 12 201
1262 12 201
1263 12 201
1264 12 201
1265 12 201
1266 12 201
1267 12 201
1268 12 201
1269 12 201
1270 13 200
1271 13 200
1272 13 200
1273 13 200
1274 13 200
1275 13 200
1276 13 200
1277 13 200
1278 13 200
1279 13 200
1280 13 200
1281 13 200
1282 13 200
1283 13 200
1284 13 200
1285 13 200
1286 13 200
1287 13 200
1288 13 200
1289 13 200
1290 13 201
1291 13 201
1292 13 201
1293 13 201
1294 13 201
1295 13 201
1296 13 201
1297 13 201
1298 13 201
1299 13 201
1300 13 201
1301 13 201
1302 13 201
1303 13 201
1304 13 201
1305 13 201
1306 13 201
1307 13 201
1308 13 201
1309 13 201
1310 11 201
1311 11 201
1312 11 201
1313 11 201
1314 11 201
1315 11 201
1316 11 201
1317 11 201
1318 11 201
1319 11 201
1320 1 201
1321 1 201
1322 1 201
1323 1 201
1324 1 201
1325 1 201
1326 1 201
1327 1 201
1328 1 201
1329 1 201
1330 1 201
1331 1 201
1332 1 201
1333 1 201
1334 1 201
1335 1 201
1336 1 201
1337 1 201
1338 1 201
1339 1 201
1340 2 201
1341 2 201
1342 2 201
1343 2 201
1344 2 201
1345 2 201
1346 2 201
1347 2 201
1348 2 201
1349 2 201
1350 1 201
1351 1 201
1352 1 201
1353 1 201
1354 1 201
1355 1 201
1356 1 201
1357 1 201
1358 1 201
1359 1 201
1360 1 201
1361 1 201
1362 1 201
1363 1 201
1364 1 201
1365 1 201
1366 1 201
1367 1 201
1368 1 201
1369 1 201
1370 2 202
1371 2 202
1372 2 202
1373 2 202
1374 2 202
1375 2 202
1376 2 202
1377 2 202
1378 2 202
1379 2 202
1380 2 201
1381 2 201
1382 2 201
1383 2 201
1384 2 201
1385 2 201
1386 2 201
1387 2 201
1388 2 201
1389 2 201
1390 1 202
1391 1 202
1392 1 202
1393 1 202
1394 1 202
1395 1 202
1396 1 202
1397 1 202
1398 1 202
1399 1 202
1400 2 201
1401 2 201
1402 2 201
1403 2 201
1404 2 201
1405 2 201
1406 2 201
1407 2 201
1408 2 201
1409 2 201
1410 1 202
1411 1 202
1412 1 202
1413 1 202
1414 1 202
1415 1 202
1416 1 202
1417 1 202
1418 1 202
1419 1 202
1420 2 202
1421 2 202
1422 2 202
1423 2 202
1424 2 202
1425 2 202
1426 2 202
1427 2 202
1428 2 202
1429 2 202
1430 2 202
1431 2 202
1432 2 202
1433 2 202
1434 2 202
1435 2 202
1436 2 202
1437 2 202
1438 2 202
1439 2 202
1440 1 201
1441 1 201
1442 1 201
1443 1 201
1444 1 201
1445 1 201
1446 1 201
1447 1 201
1448 1 201
1449 1 201
1450 2 201
1451 2 201
1452 2 201
1453 2 201
1454 2 201
1455 2 201
1456 2 201
1457 2 201
1458 2 201
1459 2 201
1460 2 201
1461 2 201
1462 2 201
1463 2 201
1464 2 201
1465 2 201
1466 2 201
1467 2 201
1468 2 201
1469 2 201
1470 1 201
1471 1 201
1472 1 201
1473 1 201
1474 1 201
1475 1 201
1476 1 201
1477 1 201
1478 1 201
1479 1 201
1480 1 201
1481 1 201
1482 1 201
1483 1 201
1484 1 201
1485 1 201
1486 1 201
1487 1 201
1488 1 201
1489 1 201
1490 2 201
1491 2 201
1492 2 201
1493 2 201
1494 2 201
1495 2 201
1496 2 201
1497 2 201
1498 2 201
1499 2 201
1500 1 201
1501 1 201
1502 1 201
1503 1 201
1504 1 201
1505 1 201
1506 1 201
1507 1 201
1508 1 201
1509 1 201
1510 1 200
1511 1 200
1512 1 200
1513 1 200
1514 1 200
1515 1 200
1516 1 200
1517 1 200
1518 1 200
1519 1 200
1520 12 202
1521 12 202
1522 12 202
1523 12 202
1524 12 202
1525 12 202
1526 12 202
1527 12 202
1528 12 202
1529 12 202
1530 27 201
1531 27 201
1532 27 201
1533 27 201
1534 27 201
1535 27 201
1536 27 201
1537 27 201
1538 27 201
1539 27 201
1540 47 200
1541 47 200
1542 47 200
1543 47 200
1544 47 200
1545 47 200
1546 47 200
1547 47 200
1548 47 200
1549 47 200
1550 53 201
1551 53 201
1552 53 201
1553 53 201
1554 53 201
1555 53 201
1556 53 201
1557 53 201
1558 53 201
1559 53 201
1560 57 201
1561 57 201
1562 57 201
1563 57 201
1564 57 201
1565 57 201
1566 57 201
1567 57 201
1568 57 201
1569 57 201
1570 66 194
1571 66 194
1572 66 194
1573 66 194
1574 66 194
1575 66 194
1576 66 194
1577 66 194
1578 66 194
1579 66 194
1580 70 557
1581 70 557
1582 70 557
1583 70 557
1584 70 557
1585 70 557
1586 70 557
1587 70 557
1588 70 557
1589 70 557
1590 76 614
1591 76 614
1592 76 614
1593 76 614
1594 76 614
1595 76 614
1596 76 614
1597 76 614
1598 76 614
1599 76 614
1600 81 194
1601 81 194
1602 81 194
1603 81 194
1604 81 194
1605 81 194
1606 81 194
1607 81 194
1608 81 194
1609 81 194
1610 88 558
1611 88 558
1612 88 558
1613 88 558
1614 88 558
1615 88 558
1616 88 558
1617 88 558
1618 88 558
1619 88 558
1620 97 645
1621 97 645
1622 97 645
1623 97 645
1624 97 645
1625 97 645
1626 97 645
1627 97 645
1628 97 645
1629 97 645
1630 102 193
1631 102 193
1632 102 193
1633 102 193
1634 102 193
1635 102 193
1636 102 193
1637 102 193
1638 102 193
1639 102 193
1640 109 196
1641 109 196
1642 109 196
1643 109 196
1644 109 196
1645 109 196
1646 109 196
1647 109 196
1648 109 196
1649 109 196
1650 115 567
1651 115 567
1652 115 567
1653 115 567
1654 115 567
1655 115 567
1656 115 567
1657 115 567
1658 115 567
1659 115 567
1660 125 647
1661 125 647
1662 125 647
1663 125 647
1664 125 647
1665 125 647
1666 125 647
1667 125 647
1668 125 647
1669 125 647
1670 133 193
1671 133 193
1672 133 193
1673 133 193
1674 133 193
1675 133 193
1676 133 193
1677 133 193
1678 133 193
1679 133 193
1680 132 566
1681 132 566
1682 132 566
1683 132 566
1684 132 566
1685 132 566
1686 132 566
1687 132 566
1688 132 566
1689 132 566
1690 137 194
1691 137 194
1692 137 194
1693 137 194
1694 137 194
1695 137 194
1696 137 194
1697 137 194
1698 137 194
1699 137 194
1700 142 197
1701 142 197
1702 142 197
1703 142 197
1704 142 197
1705 142 197
1706 142 197
1707 142 197
1708 142 197
1709 142 197
1710 148 567
1711 148 567
1712 148 567
1713 148 567
1714 148 567
1715 148 567
1716 148 567
1717 148 567
1718 148 567
1719 148 567
1720 155 195
1721 155 195
1722 155 195
1723 155 195
1724 155 195
1725 155 195
1726 155 195
1727 155 195
1728 155 195
1729 155 195
1730 161 205
1731 161 205
1732 161 205
1733 161 205
1734 161 205
1735 161 205
1736 161 205
1737 161 205
1738 161 205
1739 161 205
1740 167 619
1741 167 619
1742 167 619
1743 167 619
1744 167 619
1745 167 619
1746 167 619
1747 167 619
1748 167 619
1749 167 619
1750 175 194
1751 175 194
1752 175 194
1753 175 194
1754 175 194
1755 175 194
1756 175 194
1757 175 194
1758 175 194
1759 175 194
1760 180 600
1761 180 600
1762 180 600
1763 180 600
1764 180 600
1765 180 600
1766 180 600
1767 180 600
1768 180 600
1769 180 600
1770 189 655
1771 189 655
1772 189 655
1773 189 655
1774 189 655
1775 189 655
1776 189 655
1777 189 655
1778 189 655
1779 189 655
1780 195 661
1781 195 661
1782 195 661
1783 195 661
1784 195 661
1785 195 661
1786 195 661
1787 195 661
1788 195 661
1789 195 661
1790 199 194
1791 199 194
1792 199 194
1793 199 194
1794 199 194
1795 199 194
1796 199 194
1797 199 194
1798 199 194
1799 199 194
1800 203 204
1801 203 204
1802 203 204
1803 203 204
1804 203 204
1805 203 204
1806 203 204
1807 203 204
1808 203 204
1809 203 204
1810 213 472
1811 213 472
1812 213 472
1813 213 472
1814 213 472
1815 213 472
1816 213 472
1817 213 472
1818 213 472
1819 213 472
1820 224 580
1821 224 580
1822 224 580
1823 224 580
1824 224 580
1825 224 580
1826 224 580
1827 224 580
1828 224 580
1829 224 580
1830 229 638
1831 229 638
1832 229 638
1833 229 638
1834 229 638
1835 229 638
1836 229 638
1837 229 638
1838 229 638
1839 229 638
1840 236 194
1841 236 194
1842 236 194
1843 236 194
1844 236 194
1845 236 194
1846 236 194
1847 236 194
1848 236 194
1849 236 194
1850 244 562
1851 244 562
1852 244 562
1853 244 562
1854 244 562
1855 244 562
1856 244 562
1857 244 562
1858 244 562
1859 244 562
1860 249 194
1861 249 194
1862 249 194
1863 249 194
1864 249 194
1865 249 194
1866 249 194
1867 249 194
1868 249 194
1869 249 194
1870 250 637
1871 250 637
1872 250 637
1873 250 637
1874 250 637
1875 250 637
1876 250 637
1877 250 637
1878 250 637
1879 250 637
1880 254 194
1881 254 194
1882 254 194
1883 254 194
1884 254 194
1885 254 194
1886 254 194
1887 254 194
1888 254 194
1889 254 194
1890 263 578
1891 263 578
1892 263 578
1893 263 578
1894 263 578
1895 263 578
1896 263 578
1897 263 578
1898 263 578
1899 263 578
1900 272 194
1901 272 194
1902 272 194
1903 272 194
1904 272 194
1905 272 194
1906 272 194
1907 272 194
1908 272 194
1909 272 194
1910 274 563
1911 274 563
1912 274 563
1913 274 563
1914 274 563
1915 274 563
1916 274 563
1917 274 563
1918 274 563
1919 274 563
1920 280 655
1921 280 655
1922 280 655
1923 280 655
1924 280 655
1925 280 655
1926 280 655
1927 280 655
1928 280 655
1929 280 655
1930 288 664
1931 288 664
1932 288 664
1933 288 664
1934 288 664
1935 288 664
1936 288 664
1937 288 664
1938 288 664
1939 288 664
1940 294 198
1941 294 198
1942 294 198
1943 294 198
1944 294 198
1945 294 198
1946 294 198
1947 294 198
1948 294 198
1949 294 198
1950 303 640
1951 303 640
1952 303 640
1953 303 640
1954 303 640
1955 303 640
1956 303 640
1957 303 640
1958 303 640
1959 303 640
1960 313 194
1961 313 194
1962 313 194
1963 313 194
1964 313 194
1965 313 194
1966 313 194
1967 313 194
1968 313 194
1969 313 194
1970 319 200
1971 319 200
1972 319 200
1973 319 200
1974 319 200
1975 319 200
1976 319 200
1977 319 200
1978 319 200
1979 319 200
1980 321 582
1981 321 582
1982 321 582
1983 321 582
1984 321 582
1985 321 582
1986 321 582
1987 321 582
1988 321 582
1989 321 582
1990 334 194
1991 334 194
1992 334 194
1993 334 194
1994 334 194
1995 334 194
1996 334 194
1997 334 194
1998 334 194
1999 334 194
2000 349 201
2001 349 201
2002 349 201
2003 349 201
2004 349 201
2005 349 201
2006 349 201
2007 349 201
2008 349 201
2009 349 201
2010 354 194
2011 354 194
2012 354 194
2013 354 194
2014 354 194
2015 354 194
2016 354 194
2017 354 194
2018 354 194
2019 354 194
2020 361 645
2021 361 645
2022 361 645
2023 361 645
2024 361 645
2025 361 645
2026 361 645
2027 361 645
2028 361 645
2029 361 645
2030 372 662
2031 372 662
2032 372 662
2033 372 662
2034 372 662
2035 372 662
2036 372 662
2037 372 662
2038 372 662
2039 372 662
2040 377 195
2041 377 195
2042 377 195
2043 377 195
2044 377 195
2045 377 195
2046 377 195
2047 377 195
2048 377 195
2049 377 195
2050 379 622
2051 379 622
2052 379 622
2053 379 622
2054 379 622
2055 379 622
2056 379 622
2057 379 622
2058 379 622
2059 379 622
2060 377 583
2061 377 583
2062 377 583
2063 377 583
2064 377 583
2065 377 583
2066 377 583
2067 377 583
2068 377 583
2069 377 583
2070 378 194
2071 378 194
2072 378 194
2073 378 194
2074 378 194
2075 378 194
2076 378 194
2077 378 194
2078 378 194
2079 378 194
2080 377 470
2081 377 470
2082 377 470
2083 377 470
2084 377 470
2085 377 470
2086 377 470
2087 377 470
2088 377 470
2089 377 470
2090 378 646
2091 378 646
2092 378 646
2093 378 646
2094 378 646
2095 378 646
2096 378 646
2097 378 646
2098 378 646
2099 378 646
2100 390 585
2101 390 585
2102 390 585
2103 390 585
2104 390 585
2105 390 585
2106 390 585
2107 390 585
2108 390 585
2109 390 585
2110 397 471
2111 397 471
2112 397 471
2113 397 471
2114 397 471
2115 397 471
2116 397 471
2117 397 471
2118 397 471
2119 397 471
2120 417 649
2121 417 649
2122 417 649
2123 417 649
2124 417 649
2125 417 649
2126 417 649
2127 417 649
2128 417 649
2129 417 649
2130 425 193
2131 425 193
2132 425 193
2133 425 193
2134 425 193
2135 425 193
2136 425 193
2137 425 193
2138 425 193
2139 425 193
2140 448 615
2141 448 615
2142 448 615
2143 448 615
2144 448 615
2145 448 615
2146 448 615
2147 448 615
2148 448 615
2149 448 615
2150 458 194
2151 458 194
2152 458 194
2153 458 194
2154 458 194
2155 458 194
2156 458 194
2157 458 194
2158 458 194
2159 458 194
2160 472 560
2161 472 560
2162 472 560
2163 472 560
2164 472 560
2165 472 560
2166 472 560
2167 472 560
2168 472 560
2169 472 560
2170 490 195
2171 490 195
2172 490 195
2173 490 195
2174 490 195
2175 490 195
2176 490 195
2177 490 195
2178 490 195
2179 490 195
2180 491 646
2181 491 646
2182 491 646
2183 491 646
2184 491 646
2185 491 646
2186 491 646
2187 491 646
2188 491 646
2189 491 646
2190 493 658
2191 493 658
2192 493 658
2193 493 658
2194 493 658
2195 493 658
2196 493 658
2197 493 658
2198 493 658
2199 493 658
2200 493 662
2201 493 662
2202 493 662
2203 493 662
2204 493 662
2205 493 662
2206 493 662
2207 493 662
2208 493 662
2209 493 662
2210 493 198
2211 493 198
2212 493 198
2213 493 198
2214 493 198
2215 493 198
2216 493 198
2217 493 198
2218 493 198
2219 493 198
2220 493 194
2221 493 194
2222 493 194
2223 493 194
2224 493 194
2225 493 194
2226 493 194
2227 493 194
2228 493 194
2229 493 194
2230 492 641
2231 492 641
2232 492 641
2233 492 641
2234 492 641
2235 492 641
2236 492 641
2237 492 641
2238 492 641
2239 492 641
2240 493 659
2241 493 659
2242 493 659
2243 493 659
2244 493 659
2245 493 659
2246 493 659
2247 493 659
2248 493 659
2249 493 659
2250 492 662
2251 492 662
2252 492 662
2253 492 662
2254 492 662
2255 492 662
2256 492 662
2257 492 662
2258 492 662
2259 492 662
2260 492 193
2261 492 193
2262 492 193
2263 492 193
2264 492 193
2265 492 193
2266 492 193
2267 492 193
2268 492 193
2269 492 193
2270 492 643
2271 492 643
2272 492 643
2273 492 643
2274 492 643
2275 492 643
2276 492 643
2277 492 643
2278 492 643
2279 492 643
2280 493 654
2281 493 654
2282 493 654
2283 493 654
2284 493 654
2285 493 654
2286 493 654
2287 493 654
2288 493 654
2289 493 654
2290 493 658
2291 493 658
2292 493 658
2293 493 658
2294 493 658
2295 493 658
2296 493 658
2297 493 658
2298 493 658
2299 493 658
2300 493 584
2301 493 584
2302 493 584
2303 493 584
2304 493 584
2305 493 584
2306 493 584
2307 493 584
2308 493 584
2309 493 584
2310 492 198
2311 492 198
2312 492 198
2313 492 198
2314 492 198
2315 492 198
2316 492 198
2317 492 198
2318 492 198
2319 492 198
2320 490 191
2321 490 191
2322 490 191
2323 490 191
2324 490 191
2325 490 191
2326 490 191
2327 490 191
2328 490 191
2329 490 191
2330 482 593
2331 482 593
2332 482 593
2333 482 593
2334 482 593
2335 482 593
2336 482 593
2337 482 593
2338 482 593
2339 482 593
2340 412 192
2341 412 192
2342 412 192
2343 412 192
2344 412 192
2345 412 192
2346 412 192
2347 412 192
2348 412 192
2349 412 192
2350 406 193
2351 406 193
2352 406 193
2353 406 193
2354 406 193
2355 406 193
2356 406 193
2357 406 193
2358 406 193
2359 406 193
2360 404 638
2361 404 638
2362 404 638
2363 404 638
2364 404 638
2365 404 638
2366 404 638
2367 404 638
2368 404 638
2369 404 638
2370 395 652
2371 395 652
2372 395 652
2373 395 652
2374 395 652
2375 395 652
2376 395 652
2377 395 652
2378 395 652
2379 395 652
2380 377 193
2381 377 193
2382 377 193
2383 377 193
2384 377 193
2385 377 193
2386 377 193
2387 377 193
2388 377 193
2389 377 193
2390 375 593
2391 375 593
2392 375 593
2393 375 593
2394 375 593
2395 375 593
2396 375 593
2397 375 593
2398 375 593
2399 375 593
2400 362 193
2401 362 193
2402 362 193
2403 362 193
2404 362 193
2405 362 193
2406 362 193
2407 362 193
2408 362 193
2409 362 193
2410 349 469
2411 349 469
2412 349 469
2413 349 469
2414 349 469
2415 349 469
2416 349 469
2417 349 469
2418 349 469
2419 349 469
2420 348 194
2421 348 194
2422 348 194
2423 348 194
2424 348 194
2425 348 194
2426 348 194
2427 348 194
2428 348 194
2429 348 194
2430 337 201
2431 337 201
2432 337 201
2433 337 201
2434 337 201
2435 337 201
2436 337 201
2437 337 201
2438 337 201
2439 337 201
2440 332 196
2441 332 196
2442 332 196
2443 332 196
2444 332 196
2445 332 196
2446 332 196
2447 332 196
2448 332 196
2449 332 196
2450 327 203
2451 327 203
2452 327 203
2453 327 203
2454 327 203
2455 327 203
2456 327 203
2457 327 203
2458 327 203
2459 327 203
2460 312 197
2461 312 197
2462 312 197
2463 312 197
2464 312 197
2465 312 197
2466 312 197
2467 312 197
2468 312 197
2469 312 197
2470 307 205
2471 307 205
2472 307 205
2473 307 205
2474 307 205
2475 307 205
2476 307 205
2477 307 205
2478 307 205
2479 307 205
2480 299 197
2481 299 197
2482 299 197
2483 299 197
2484 299 197
2485 299 197
2486 299 197
2487 299 197
2488 299 197
2489 299 197
2490 294 628
2491 294 628
2492 294 628
2493 294 628
2494 294 628
2495 294 628
2496 294 628
2497 294 628
2498 294 628
2499 294 628
2500 291 648
2501 291 648
2502 291 648
2503 291 648
2504 291 648
2505 291 648
2506 291 648
2507 291 648
2508 291 648
2509 291 648
2510 284 196
2511 284 196
2512 284 196
2513 284 196
2514 284 196
2515 284 196
2516 284 196
2517 284 196
2518 284 196
2519 284 196
2520 273 572
2521 273 572
2522 273 572
2523 273 572
2524 273 572
2525 273 572
2526 273 572
2527 273 572
2528 273 572
2529 273 572
2530 274 197
2531 274 197
2532 274 197
2533 274 197
2534 274 197
2535 274 197
2536 274 197
2537 274 197
2538 274 197
2539 274 197
2540 270 557
2541 270 557
2542 270 557
2543 270 557
2544 270 557
2545 270 557
2546 270 557
2547 270 557
2548 270 557
2549 270 557
2550 261 576
2551 261 576
2552 261 576
2553 261 576
2554 261 576
2555 261 576
2556 261 576
2557 261 576
2558 261 576
2559 261 576
2560 261 196
2561 261 196
2562 261 196
2563 261 196
2564 261 196
2565 261 196
2566 261 196
2567 261 196
2568 261 196
2569 261 196
2570 255 622
2571 255 622
2572 255 622
2573 255 622
2574 255 622
2575 255 622
2576 255 622
2577 255 622
2578 255 622
2579 255 622
2580 250 197
2581 250 197
2582 250 197
2583 250 197
2584 250 197
2585 250 197
2586 250 197
2587 250 197
2588 250 197
2589 250 197
2590 247 635
2591 247 635
2592 247 635
2593 247 635
2594 247 635
2595 247 635
2596 247 635
2597 247 635
2598 247 635
2599 247 635
2600 240 651
2601 240 651
2602 240 651
2603 240 651
2604 240 651
2605 240 651
2606 240 651
2607 240 651
2608 240 651
2609 240 651
2610 236 584
2611 236 584
2612 236 584
2613 236 584
2614 236 584
2615 236 584
2616 236 584
2617 236 584
2618 236 584
2619 236 584
2620 235 195
2621 235 195
2622 235 195
2623 235 195
2624 235 195
2625 235 195
2626 235 195
2627 235 195
2628 235 195
2629 235 195
2630 228 630
2631 228 630
2632 228 630
2633 228 630
2634 228 630
2635 228 630
2636 228 630
2637 228 630
2638 228 630
2639 228 630
2640 219 196
2641 219 196
2642 219 196
2643 219 196
2644 219 196
2645 219 196
2646 219 196
2647 219 196
2648 219 196
2649 219 196
2650 217 557
2651 217 557
2652 217 557
2653 217 557
2654 217 557
2655 217 557
2656 217 557
2657 217 557
2658 217 557
2659 217 557
2660 216 196
2661 216 196
2662 216 196
2663 216 196
2664 216 196
2665 216 196
2666 216 196
2667 216 196
2668 216 196
2669 216 196
2670 210 629
2671 210 629
2672 210 629
2673 210 629
2674 210 629
2675 210 629
2676 210 629
2677 210 629
2678 210 629
2679 210 629
2680 203 650
2681 203 650
2682 203 650
2683 203 650
2684 203 650
2685 203 650
2686 203 650
2687 203 650
2688 203 650
2689 203 650
2690 200 195
2691 200 195
2692 200 195
2693 200 195
2694 200 195
2695 200 195
2696 200 195
2697 200 195
2698 200 195
2699 200 195
2700 190 612
2701 190 612
2702 190 612
2703 190 612
2704 190 612
2705 190 612
2706 190 612
2707 190 612
2708 190 612
2709 190 612
2710 187 195
2711 187 195
2712 187 195
2713 187 195
2714 187 195
2715 187 195
2716 187 195
2717 187 195
2718 187 195
2719 187 195
2720 182 613
2721 182 613
2722 182 613
2723 182 613
2724 182 613
2725 182 613
2726 182 613
2727 182 613
2728 182 613
2729 182 613
2730 169 651
2731 169 651
2732 169 651
2733 169 651
2734 169 651
2735 169 651
2736 169 651
2737 169 651
2738 169 651
2739 169 651
2740 162 195
2741 162 195
2742 162 195
2743 162 195
2744 162 195
2745 162 195
2746 162 195
2747 162 195
2748 162 195
2749 162 195
2750 161 632
2751 161 632
2752 161 632
2753 161 632
2754 161 632
2755 161 632
2756 161 632
2757 161 632
2758 161 632
2759 161 632
2760 148 194
2761 148 194
2762 148 194
2763 148 194
2764 148 194
2765 148 194
2766 148 194
2767 148 194
2768 148 194
2769 148 194
2770 137 615
2771 137 615
2772 137 615
2773 137 615
2774 137 615
2775 137 615
2776 137 615
2777 137 615
2778 137 615
2779 137 615
2780 120 194
2781 120 194
2782 120 194
2783 120 194
2784 120 194
2785 120 194
2786 120 194
2787 120 194
2788 120 194
2789 120 194
2790 104 566
2791 104 566
2792 104 566
2793 104 566
2794 104 566
2795 104 566
2796 104 566
2797 104 566
2798 104 566
2799 104 566
2800 109 203
2801 109 203
2802 109 203
2803 109 203
2804 109 203
2805 109 203
2806 109 203
2807 109 203
2808 109 203
2809 109 203
2810 106 197
2811 106 197
2812 106 197
2813 106 197
2814 106 197
2815 106 197
2816 106 197
2817 106 197
2818 106 197
2819 106 197
2820 104 562
2821 104 562
2822 104 562
2823 104 562
2824 104 562
2825 104 562
2826 104 562
2827 104 562
2828 104 562
2829 104 562
2830 107 557
2831 107 557
2832 107 557
2833 107 557
2834 107 557
2835 107 557
2836 107 557
2837 107 557
2838 107 557
2839 107 557
2840 105 645
2841 105 645
2842 105 645
2843 105 645
2844 105 645
2845 105 645
2846 105 645
2847 105 645
2848 105 645
2849 105 645
2850 84 580
2851 84 580
2852 84 580
2853 84 580
2854 84 580
2855 84 580
2856 84 580
2857 84 580
2858 84 580
2859 84 580
2860 73 202
2861 73 202
2862 73 202
2863 73 202
2864 73 202
2865 73 202
2866 73 202
2867 73 202
2868 73 202
2869 73 202
2870 68 548
2871 68 548
2872 68 548
2873 68 548
2874 68 548
2875 68 548
2876 68 548
2877 68 548
2878 68 548
2879 68 548
2880 57 570
2881 57 570
2882 57 570
2883 57 570
2884 57 570
2885 57 570
2886 57 570
2887 57 570
2888 57 570
2889 57 570
2890 38 607
2891 38 607
2892 38 607
2893 38 607
2894 38 607
2895 38 607
2896 38 607
2897 38 607
2898 38 607
2899 38 607
2900 38 207
2901 38 207
2902 38 207
2903 38 207
2904 38 207
2905 38 207
2906 38 207
2907 38 207
2908 38 207
2909 38 207
2910 30 552
2911 30 552
2912 30 552
2913 30 552
2914 30 552
2915 30 552
2916 30 552
2917 30 552
2918 30 552
2919 30 552
2920 10 606
2921 10 606
2922 10 606
2923 10 606
2924 10 606
2925 10 606
2926 10 606
2927 10 606
2928 10 606
2929 10 606
2930 6 195
2931 6 195
2932 6 195
2933 6 195
2934 6 195
2935 6 195
2936 6 195
2937 6 195
2938 6 195
2939 6 195
2940 2 202
2941 2 202
2942 2 202
2943 2 202
2944 2 202
2945 2 202
2946 2 202
2947 2 202
2948 2 202
2949 2 202
2950 1 202
2951 1 202
2952 1 202
2953 1 202
2954 1 202
2955 1 202
2956 1 202
2957 1 202
2958 1 202
2959 1 202
2960 2 202
2961 2 202
2962 2 202
2963 2 202
2964 2 202
2965 2 202
2966 2 202
2967 2 202
2968 2 202
2969 2 202
2970 2 202
2971 2 202
2972 2 202
2973 2 202
2974 2 202
2975 2 202
2976 2 202
2977 2 202
2978 2 202
2979 2 202
2980 1 202
2981 1 202
2982 1 202
2983 1 202
2984 1 202
2985 1 202
2986 1 202
2987 1 202
2988 1 202
2989 1 202
2990 1 202
2991 1 202
2992 1 202
2993 1 202
2994 1 202
2995 1 202
2996 1 202
2997 1 202
2998 1 202
2999 1 202
3000 1 202
3001 1 202
3002 1 202
3003 1 202
3004 1 202
3005 1 202
3006 1 202
3007 1 202
3008 1 202
3009 1 202
3010 1 203
3011 1 203
3012 1 203
3013 1 203
3014 1 203
3015 1 203
3016 1 203
3017 1 203
3018 1 203
3019 1 203
3020 1 202
3021 1 202
3022 1 202
3023 1 202
3024 1 202
3025 1 202
3026 1 202
3027 1 202
3028 1 202
3029 1 202
3030 1 203
3031 1 203
3032 1 203
3033 1 203
3034 1 203
3035 1 203
3036 1 203
3037 1 203
3038 1 203
3039 1 203
3040 2 203
3041 2 203
3042 2 203
3043 2 203
3044 2 203
3045 2 203
3046 2 203
3047 2 203
3048 2 203
3049 2 203
3050 1 203
3051 1 203
3052 1 203
3053 1 203
3054 1 203
3055 1 203
3056 1 203
3057 1 203
3058 1 203
3059 1 203
3060 1 203
3061 1 203
3062 1 203
3063 1 203
3064 1 203
3065 1 203
3066 1 203
3067 1 203
3068 1 203
3069 1 203
3070 1 202
3071 1 202
3072 1 202
3073 1 202
3074 1 202
3075 1 202
3076 1 202
3077 1 202
3078 1 202
3079 1 202
3080 2 203
3081 2 203
3082 2 203
3083 2 203
3084 2 203
3085 2 203
3086 2 203
3087 2 203
3088 2 203
3089 2 203
3090 2 203
3091 2 203
3092 2 203
3093 2 203
3094 2 203
3095 2 203
3096 2 203
3097 2 203
3098 2 203
3099 2 203
3100 1 203
3101 1 203
3102 1 203
3103 1 203
3104 1 203
3105 1 203
3106 1 203
3107 1 203
3108 1 203
3109 1 203
3110 2 203
3111 2 203
3112 2 203
3113 2 203
3114 2 203
3115 2 203
3116 2 203
3117 2 203
3118 2 203
3119 2 203
3120 2 203
3121 2 203
3122 2 203
3123 2 203
3124 2 203
3125 2 203
3126 2 203
3127 2 203
3128 2 203
3129 2 203
3130 2 203
3131 2 203
3132 2 203
3133 2 203
3134 2 203
3135 2 203
3136 2 203
3137 2 203
3138 2 203
3139 2 203
3140 13 203
3141 13 203
3142 13 203
3143 13 203
3144 13 203
3145 13 203
3146 13 203
3147 13 203
3148 13 203
3149 13 203
3150 29 203
3151 29 203
3152 29 203
3153 29 203
3154 29 203
3155 29 203
3156 29 203
3157 29 203
3158 29 203
3159 29 203
3160 42 202
3161 42 202
3162 42 202
3163 42 202
3164 42 202
3165 42 202
3166 42 202
3167 42 202
3168 42 202
3169 42 202
3170 50 203
3171 50 203
3172 50 203
3173 50 203
3174 50 203
3175 50 203
3176 50 203
3177 50 203
3178 50 203
3179 50 203
3180 61 203
3181 61 203
3182 61 203
3183 61 203
3184 61 203
3185 61 203
3186 61 203
3187 61 203
3188 61 203
3189 61 203
3190 68 197
3191 68 197
3192 68 197
3193 68 197
3194 68 197
3195 68 197
3196 68 197
3197 68 197
3198 68 197
3199 68 197
3200 69 556
3201 69 556
3202 69 556
3203 69 556
3204 69 556
3205 69 556
3206 69 556
3207 69 556
3208 69 556
3209 69 556
3210 77 196
3211 77 196
3212 77 196
3213 77 196
3214 77 196
3215 77 196
3216 77 196
3217 77 196
3218 77 196
3219 77 196
3220 82 557
3221 82 557
3222 82 557
3223 82 557
3224 82 557
3225 82 557
3226 82 557
3227 82 557
3228 82 557
3229 82 557
3230 93 630
3231 93 630
3232 93 630
3233 93 630
3234 93 630
3235 93 630
3236 93 630
3237 93 630
3238 93 630
3239 93 630
3240 97 196
3241 97 196
3242 97 196
3243 97 196
3244 97 196
3245 97 196
3246 97 196
3247 97 196
3248 97 196
3249 97 196
3250 100 556
3251 100 556
3252 100 556
3253 100 556
3254 100 556
3255 100 556
3256 100 556
3257 100 556
3258 100 556
3259 100 556
3260 108 197
3261 108 197
3262 108 197
3263 108 197
3264 108 197
3265 108 197
3266 108 197
3267 108 197
3268 108 197
3269 108 197
3270 112 565
3271 112 565
3272 112 565
3273 112 565
3274 112 565
3275 112 565
3276 112 565
3277 112 565
3278 112 565
3279 112 565
3280 126 614
3281 126 614
3282 126 614
3283 126 614
3284 126 614
3285 126 614
3286 126 614
3287 126 614
3288 126 614
3289 126 614
3290 129 197
3291 129 197
3292 129 197
3293 129 197
3294 129 197
3295 129 197
3296 129 197
3297 129 197
3298 129 197
3299 129 197
3300 132 566
3301 132 566
3302 132 566
3303 132 566
3304 132 566
3305 132 566
3306 132 566
3307 132 566
3308 132 566
3309 132 566
3310 141 634
3311 141 634
3312 141 634
3313 141 634
3314 141 634
3315 141 634
3316 141 634
3317 141 634
3318 141 634
3319 141 634
3320 145 196
3321 145 196
3322 145 196
3323 145 196
3324 145 196
3325 145 196
3326 145 196
3327 145 196
3328 145 196
3329 145 196
3330 148 565
3331 148 565
3332 148 565
3333 148 565
3334 148 565
3335 148 565
3336 148 565
3337 148 565
3338 148 565
3339 148 565
3340 154 643
3341 154 643
3342 154 643
3343 154 643
3344 154 643
3345 154 643
3346 154 643
3347 154 643
3348 154 643
3349 154 643
3350 163 196
3351 163 196
3352 163 196
3353 163 196
3354 163 196
3355 163 196
3356 163 196
3357 163 196
3358 163 196
3359 163 196
3360 168 570
3361 168 570
3362 168 570
3363 168 570
3364 168 570
3365 168 570
3366 168 570
3367 168 570
3368 168 570
3369 168 570
3370 176 197
3371 176 197
3372 176 197
3373 176 197
3374 176 197
3375 176 197
3376 176 197
3377 176 197
3378 176 197
3379 176 197
3380 186 633
3381 186 633
3382 186 633
3383 186 633
3384 186 633
3385 186 633
3386 186 633
3387 186 633
3388 186 633
3389 186 633
3390 192 653
3391 192 653
3392 192 653
3393 192 653
3394 192 653
3395 192 653
3396 192 653
3397 192 653
3398 192 653
3399 192 653
3400 197 587
3401 197 587
3402 197 587
3403 197 587
3404 197 587
3405 197 587
3406 197 587
3407 197 587
3408 197 587
3409 197 587
3410 205 627
3411 205 627
3412 205 627
3413 205 627
3414 205 627
3415 205 627
3416 205 627
3417 205 627
3418 205 627
3419 205 627
3420 221 196
3421 221 196
3422 221 196
3423 221 196
3424 221 196
3425 221 196
3426 221 196
3427 221 196
3428 221 196
3429 221 196
3430 229 634
3431 229 634
3432 229 634
3433 229 634
3434 229 634
3435 229 634
3436 229 634
3437 229 634
3438 229 634
3439 229 634
3440 240 195
3441 240 195
3442 240 195
3443 240 195
3444 240 195
3445 240 195
3446 240 195
3447 240 195
3448 240 195
3449 240 195
3450 251 560
3451 251 560
3452 251 560
3453 251 560
3454 251 560
3455 251 560
3456 251 560
3457 251 560
3458 251 560
3459 251 560
3460 256 196
3461 256 196
3462 256 196
3463 256 196
3464 256 196
3465 256 196
3466 256 196
3467 256 196
3468 256 196
3469 256 196
3470 261 626
3471 261 626
3472 261 626
3473 261 626
3474 261 626
3475 261 626
3476 261 626
3477 261 626
3478 261 626
3479 261 626
3480 268 196
3481 268 196
3482 268 196
3483 268 196
3484 268 196
3485 268 196
3486 268 196
3487 268 196
3488 268 196
3489 268 196
3490 275 639
3491 275 639
3492 275 639
3493 275 639
3494 275 639
3495 275 639
3496 275 639
3497 275 639
3498 275 639
3499 275 639
3500 282 196
3501 282 196
3502 282 196
3503 282 196
3504 282 196
3505 282 196
3506 282 196
3507 282 196
3508 282 196
3509 282 196
3510 288 576
3511 288 576
3512 288 576
3513 288 576
3514 288 576
3515 288 576
3516 288 576
3517 288 576
3518 288 576
3519 288 576
3520 302 472
3521 302 472
3522 302 472
3523 302 472
3524 302 472
3525 302 472
3526 302 472
3527 302 472
3528 302 472
3529 302 472
3530 310 649
3531 310 649
3532 310 649
3533 310 649
3534 310 649
3535 310 649
3536 310 649
3537 310 649
3538 310 649
3539 310 649
3540 315 196
3541 315 196
3542 315 196
3543 315 196
3544 315 196
3545 315 196
3546 315 196
3547 315 196
3548 315 196
3549 315 196
3550 323 203
3551 323 203
3552 323 203
3553 323 203
3554 323 203
3555 323 203
3556 323 203
3557 323 203
3558 323 203
3559 323 203
3560 332 196
3561 332 196
3562 332 196
3563 332 196
3564 332 196
3565 332 196
3566 332 196
3567 332 196
3568 332 196
3569 332 196
3570 342 204
3571 342 204
3572 342 204
3573 342 204
3574 342 204
3575 342 204
3576 342 204
3577 342 204
3578 342 204
3579 342 204
3580 350 197
3581 350 197
3582 350 197
3583 350 197
3584 350 197
3585 350 197
3586 350 197
3587 350 197
3588 350 197
3589 350 197
3590 352 616
3591 352 616
3592 352 616
3593 352 616
3594 352 616
3595 352 616
3596 352 616
3597 352 616
3598 352 616
3599 352 616
3600 362 583
3601 362 583
3602 362 583
3603 362 583
3604 362 583
3605 362 583
3606 362 583
3607 362 583
3608 362 583
3609 362 583
3610 368 204
3611 368 204
3612 368 204
3613 368 204
3614 368 204
3615 368 204
3616 368 204
3617 368 204
3618 368 204
3619 368 204
3620 372 198
3621 372 198
3622 372 198
3623 372 198
3624 372 198
3625 372 198
3626 372 198
3627 372 198
3628 372 198
3629 372 198
3630 380 205
3631 380 205
3632 380 205
3633 380 205
3634 380 205
3635 380 205
3636 380 205
3637 380 205
3638 380 205
3639 380 205
3640 386 198
3641 386 198
3642 386 198
3643 386 198
3644 386 198
3645 386 198
3646 386 198
3647 386 198
3648 386 198
3649 386 198
3650 387 644
3651 387 644
3652 387 644
3653 387 644
3654 387 644
3655 387 644
3656 387 644
3657 387 644
3658 387 644
3659 387 644
3660 387 584
3661 387 584
3662 387 584
3663 387 584
3664 387 584
3665 387 584
3666 387 584
3667 387 584
3668 387 584
3669 387 584
3670 391 597
3671 391 597
3672 391 597
3673 391 597
3674 391 597
3675 391 597
3676 391 597
3677 391 597
3678 391 597
3679 391 597
3680 404 650
3681 404 650
3682 404 650
3683 404 650
3684 404 650
3685 404 650
3686 404 650
3687 404 650
3688 404 650
3689 404 650
3690 408 657
3691 408 657
3692 408 657
3693 408 657
3694 408 657
3695 408 657
3696 408 657
3697 408 657
3698 408 657
3699 408 657
3700 416 194
3701 416 194
3702 416 194
3703 416 194
3704 416 194
3705 416 194
3706 416 194
3707 416 194
3708 416 194
3709 416 194
3710 428 558
3711 428 558
3712 428 558
3713 428 558
3714 428 558
3715 428 558
3716 428 558
3717 428 558
3718 428 558
3719 428 558
3720 439 579
3721 439 579
3722 439 579
3723 439 579
3724 439 579
3725 439 579
3726 439 579
3727 439 579
3728 439 579
3729 439 579
3730 457 193
3731 457 193
3732 457 193
3733 457 193
3734 457 193
3735 457 193
3736 457 193
3737 457 193
3738 457 193
3739 457 193
3740 477 645
3741 477 645
3742 477 645
3743 477 645
3744 477 645
3745 477 645
3746 477 645
3747 477 645
3748 477 645
3749 477 645
3750 489 655
3751 489 655
3752 489 655
3753 489 655
3754 489 655
3755 489 655
3756 489 655
3757 489 655
3758 489 655
3759 489 655
3760 492 660
3761 492 660
3762 492 660
3763 492 660
3764 492 660
3765 492 660
3766 492 660
3767 492 660
3768 492 660
3769 492 660
3770 493 662
3771 493 662
3772 493 662
3773 493 662
3774 493 662
3775 493 662
3776 493 662
3777 493 662
3778 493 662
3779 493 662
3780 493 193
3781 493 193
3782 493 193
3783 493 193
3784 493 193
3785 493 193
3786 493 193
3787 493 193
3788 493 193
3789 493 193
3790 492 640
3791 492 640
3792 492 640
3793 492 640
3794 492 640
3795 492 640
3796 492 640
3797 492 640
3798 492 640
3799 492 640
3800 492 657
3801 492 657
3802 492 657
3803 492 657
3804 492 657
3805 492 657
3806 492 657
3807 492 657
3808 492 657
3809 492 657
3810 492 661
3811 492 661
3812 492 661
3813 492 661
3814 492 661
3815 492 661
3816 492 661
3817 492 661
3818 492 661
3819 492 661
3820 493 195
3821 493 195
3822 493 195
3823 493 195
3824 493 195
3825 493 195
3826 493 195
3827 493 195
3828 493 195
3829 493 195
3830 492 645
3831 492 645
3832 492 645
3833 492 645
3834 492 645
3835 492 645
3836 492 645
3837 492 645
3838 492 645
3839 492 645
3840 492 657
3841 492 657
3842 492 657
3843 492 657
3844 492 657
3845 492 657
3846 492 657
3847 492 657
3848 492 657
3849 492 657
3850 492 192
3851 492 192
3852 492 192
3853 492 192
3854 492 192
3855 492 192
3856 492 192
3857 492 192
3858 492 192
3859 492 192
3860 492 193
3861 492 193
3862 492 193
3863 492 193
3864 492 193
3865 492 193
3866 492 193
3867 492 193
3868 492 193
3869 492 193
3870 492 645
3871 492 645
3872 492 645
3873 492 645
3874 492 645
3875 492 645
3876 492 645
3877 492 645
3878 492 645
3879 492 645
3880 493 193
3881 493 193
3882 493 193
3883 493 193
3884 493 193
3885 493 193
3886 493 193
3887 493 193
3888 493 193
3889 493 193
3890 492 596
3891 492 596
3892 492 596
3893 492 596
3894 492 596
3895 492 596
3896 492 596
3897 492 596
3898 492 596
3899 492 596
3900 492 650
3901 492 650
3902 492 650
3903 492 650
3904 492 650
3905 492 650
3906 492 650
3907 492 650
3908 492 650
3909 492 650
3910 492 585
3911 492 585
3912 492 585
3913 492 585
3914 492 585
3915 492 585
3916 492 585
3917 492 585
3918 492 585
3919 492 585
3920 494 194
3921 494 194
3922 494 194
3923 494 194
3924 494 194
3925 494 194
3926 494 194
3927 494 194
3928 494 194
3929 494 194
3930 492 615
3931 492 615
3932 492 615
3933 492 615
3934 492 615
3935 492 615
3936 492 615
3937 492 615
3938 492 615
3939 492 615
3940 492 196
3941 492 196
3942 492 196
3943 492 196
3944 492 196
3945 492 196
3946 492 196
3947 492 196
3948 492 196
3949 492 196
3950 493 193
3951 493 193
3952 493 193
3953 493 193
3954 493 193
3955 493 193
3956 493 193
3957 493 193
3958 493 193
3959 493 193
3960 493 641
3961 493 641
3962 493 641
3963 493 641
3964 493 641
3965 493 641
3966 493 641
3967 493 641
3968 493 641
3969 493 641
3970 493 650
3971 493 650
3972 493 650
3973 493 650
3974 493 650
3975 493 650
3976 493 650
3977 493 650
3978 493 650
3979 493 650
3980 493 207
3981 493 207
3982 493 207
3983 493 207
3984 493 207
3985 493 207
3986 493 207
3987 493 207
3988 493 207
3989 493 207
3990 493 201
3991 493 201
3992 493 201
3993 493 201
3994 493 201
3995 493 201
3996 493 201
3997 493 201
3998 493 201
3999 493 201
4000 492 642